893
137
423
171
294
933
118
184
77
171
770
494
935
59
363
634
555
893
605
211
971
595
72
922
993
520
708
144
183
426
963
817
896
58
175
428
165
604
430
108
644
725
74
365
89
165
691
818
875
919
617
322
188
582
764
763
671
257
635
313
962
318
512
498
630
255
653
193
717
359
186
987
477
369
473
277
850
558
233
768
995
212
230
961
582
253
473
374
265
748
586
178
205
483
865
920
265
177
629
979
786
948
268
151
8
415
211
672
854
904
336
127
200
659
980
335
207
449
16
286
458
166
687
483
438
292
46
863
974
489
741
691
701
747
271
740
336
344
575
689
318
347
139
580
442
634
854
83
86
222
926
322
608
707
146
114
894
478
435
481
322
703
72
532
696
615
463
705
579
244
840
755
765
307
591
205
571
667
786
68
671
949
442
505
861
149
378
649
592
7
922
447
2
922
68
665
714
106
784
945
821
34
58
938
462
964
577
821
73
411
773
963
416
240
130
528
605
634
525
648
544
93
951
122
107
233
493
384
520
899
513
527
413
88
883
599
949
436
64
949
767
925
4
137
566
720
421
113
910
526
817
815
563
612
150
670
618
966
929
935
493
370
597
570
103
852
808
560
528
120
129
745
957
748
925
457
877
901
935
541
122
209
142
706
899
278
798
314
504
515
158
935
852
369
17
79
65
564
343
749
960
227
902
836
468
265
897
14
569
742
23
693
528
522
763
807
396
649
221
997
654
484
6
200
903
618
374
603
390
793
276
814
69
231
704
993
460
556
743
240
591
280
651
857
652
436
591
732
804
368
718
986
549
730
602
904
475
413
32
593
806
246
701
834
953
998
400
517
12
135
110
418
303
128
826
958
249
864
563
460
326
608
887
477
678
653
470
369
646
199
431
842
211
342
255
819
823
798
711
502
268
755
983
387
743
518
411
429
676
188
154
313
466
898
556
375
94
523
176
886
57
817
672
543
867
333
398
453
553
146
595
748
442
920
264
509
362
108
28
680
800
788
659
891
533
652
519
531
75
115
964
157
70
165
572
922
133
627
55
479
873
311
782
900
350
841
315
619
596
73
383
464
921
188
950
725
881
745
654
808
640
313
813
740
290
270
82
733
7
301
628
661
563
312
506
194
314
766
316
729
199
996
295
507
183
468
245
397
602
98
31
234
817
441
940
893
375
794
283
71
877
468
430
167
469
731
320
549
696
549
762
868
330
448
354
776
179
147
371
78
39
574
839
876
866
769
693
751
796
192
257
392
86
766
652
220
216
574
390
977
928
84
681
140
980
915
208
250
995
913
335
401
281
729
475
204
705
339
527
85
349
526
292
418
203
429
130
892
583
600
187
468
668
692
814
855
888
11
124
6
486
947
765
576
664
623
253
366
212
787
917
535
726
470
63
871
956
254
976
537
530
624
926
609
640
553
586
322
561
393
837
681
584
956
723
112
247
317
663
891
204
786
251
153
526
197
821
195
58
276
535
427
787
855
716
114
420
431
557
889
196
239
50
750
833
854
907
248
471
635
954
124
16
148
888
794
7
705
501
26
315
834
109
192
869
36
72
947
520
693
713
865
764
256
764
267
99
673
422
726
4
939
345
381
842
323
9
26
829
3
828
938
282
824
908
647
845
325
442
985
279
396
557
802
436
390
465
34
286
17
938
202
618
39
238
216
396
330
720
589
467
861
888
853
544
26
559
654
569
845
492
434
603
139
658
548
205
724
921
261
602
1000
856
494
593
971
717
296
522
431
272
180
172
235
497
80
547
726
845
846
624
63
112
950
586
286
224
623
578
212
257
987
995
809
658
918
145
468
775
718
224
73
903
646
819
979
355
832
945
109
428
713
379
522
120
111
322
929
886
699
227
8
877
710
948
621
913
398
861
145
783
245
461
500
712
914
86
435
251
330
674
192
812
85
282
259
614
192
407
801
694
825
449
638
964
97
345
267
729
870
652
730
245
722
154
384
878
726
477
714
904
783
530
404
868
8
498
797
919
450
440
97
339
564
876
250
338
89
18
74
225
261
17
910
394
205
7
743
387
233
478
310
465
438
848
344
918
783
277
126
586
352
383
886
262
952
813
632
708
838
600
515
900
903
87
346
314
309
566
893
230
35
474
103
62
523
33
204
929
964
198
126
537
178
13
602
309
166
262
557
973
399
197
506
872
988
404
684
702
222
806
18
939
825
746
976
732
274
263
981
663
833
307
950
948
277
842
256
883
147
529
482
186
465
709
879
272
446
497
193
49
996
701
603
742
903
128
472
373
427
190
958
302
80
932
642
914
378
957
415
698
41
355
37
802
494
561
674
844
935
363
309
614
89
279
573
417
966
364
500
16
392
956
392
63
416
808
745
627
437
346
328
527
173
813
125
314
119
235
664
613
255
649
851
693
431
526
32
36
838
176
770
633
400
739
876
389
923
180
233
293
213
588
670
118
493
235
199
449
563
30
841
439
726
321
329
388
269
107
782
460
254
898
377
687
25
281
853
803
904
194
797
268
873
414
637
332
190
855
931
169
655
30
187
464
951
573
57
383
914
919
741
961
182
518
166
438
822
917
457
206
363
256
178
478
191
569
194
827
69
852
930
481
305
939
548
636
998
801
508
997
241
186
589
663
555
925
362
505
636
493
928
822
738
65
218
246
481
471
350
32
722
151
121
393
465
543
186
25
794
583
335
509
775
237
859
251
518
480
361
505
626
790
386
655
460
866
180
658
340
391
537
342
937
244
1
555
615
762
512
657
489
84
854
330
559
698
884
297
451
429
867
965
401
688
430
841
310
582
547
20
721
363
375
882
293
218
293
957
636
164
421
168
232
338
858
875
220
1000
800
956
559
145
18
373
845
495
601
770
959
337
431
12
126
95
72
353
176
305
817
937
230
99
584
477
773
563
802
447
787
446
252
89
151
735
668
359
50
820
106
819
115
267
46
446
152
913
21
723
987
550
106
160
822
492
339
709
922
726
201
490
945
705
550
754
373
877
368
947
438
775
259
809
546
314
449
943
421
224
46
125
221
54
165
99
260
271
922
901
463
670
739
578
592
129
286
843
432
150
388
675
658
954
971
506
464
349
80
303
983
865
275
824
495
321
342
954
601
741
787
108
535
519
402
795
351
608
489
618
587
87
508
933
558
762
127
11
701
17
50
177
201
96
492
471
260
349
345
272
890
246
550
738
829
155
245
953
588
219
118
103
357
636
611
119
509
198
445
644
954
441
302
434
698
881
746
349
709
607
128
997
326
334
176
915
316
588
122
409
313
910
200
544
311
27
806
894
810
617
191
354
666
905
750
798
212
30
858
474
650
2
872
513
860
289
338
731
336
458
869
824
470
528
63
75
593
38
753
120
824
949
135
934
93
152
633
158
949
152
266
282
709
60
241
178
377
999
727
251
92
842
824
936
28
277
8
468
349
566
670
289
611
190
395
650
678
225
413
580
714
331
511
983
114
408
329
283
608
23
479
710
777
416
422
800
354
70
391
417
820
792
83
646
157
876
443
899
785
739
490
419
537
925
497
723
169
656
483
578
254
84
348
725
449
899
496
997
795
255
637
645
98
294
580
479
87
67
587
180
300
845
207
494
5
848
68
223
737
830
419
65
985
221
696
430
590
987
355
11
803
887
358
695
330
167
769
539
105
764
782
722
376
671
527
334
31
906
148
644
889
303
102
887
330
755
628
424
344
462
273
774
806
232
648
407
949
927
563
742
777
672
579
550
210
496
113
834
519
752
693
49
789
523
192
60
755
76
302
689
498
512
648
446
198
719
494
610
787
921
912
432
630
503
607
848
733
613
87
412
690
667
611
722
940
435
971
908
158
815
464
772
849
18
959
26
573
106
449
514
126
979
218
499
607
834
941
318
944
321
501
582
904
729
807
303
428
844
347
673
106
353
736
761
227
212
801
209
719
512
123
474
63
66
88
865
691
25
154
31
650
112
114
811
443
381
111
743
181
312
800
695
24
222
201
479
456
341
498
411
388
475
790
251
144
546
416
85
37
255
551
455
197
271
597
475
78
678
412
700
724
683
855
206
141
732
717
561
542
837
320
801
741
136
478
505
134
155
306
216
630
826
525
392
781
975
412
179
385
575
848
110
74
314
845
241
606
907
69
595
740
723
818
697
474
575
591
679
865
575
825
327
792
931
681
572
352
615
848
625
16
759
677
645
393
49
485
824
653
829
277
301
136
181
746
779
304
834
849
418
278
600
722
867
598
516
114
727
858
679
491
715
735
45
805
65
280
378
765
354
59
577
639
880
241
343
66
470
986
225
519
443
170
689
232
557
910
661
702
302
66
328
9
300
422
981
462
517
505
369
243
59
66
262
973
757
396
637
841
713
510
366
450
605
676
871
5
12
373
312
422
46
603
303
902
23
905
38
286
379
493
171
479
532
347
940
24
506
827
737
41
572
806
273
411
751
786
637
481
510
678
7
694
662
915
575
217
361
230
774
726
707
317
163
152
811
738
348
990
649
972
276
536
623
530
498
957
516
591
122
239
613
984
852
11
543
793
932
74
920
571
722
127
805
456
191
870
950
335
564
387
928
947
544
73
254
836
607
165
274
728
915
506
783
309
356
463
549
571
818
251
554
539
35
685
557
2
31
622
804
348
338
875
807
397
906
270
713
781
751
374
828
73
183
544
102
742
913
172
163
411
166
327
261
941
374
896
51
377
933
456
957
900
119
233
108
582
869
548
935
823
910
735
740
701
47
700
377
227
931
283
511
237
920
536
848
272
586
916
45
582
925
519
43
375
289
590
22
966
674
979
929
567
863
363
834
847
792
455
419
91
567
948
709
641
512
435
626
237
743
124
10
53
806
728
822
796
419
330
856
146
567
912
331
240
299
2
322
850
5
426
602
1
933
855
269
565
98
315
882
134
972
580
296
194
667
133
465
6
225
609
821
294
817
583
712
92
342
969
514
441
508
366
594
142
391
163
459
878
281
934
116
801
320
143
766
453
574
625
489
703
503
770
873
777
398
654
98
511
295
88
768
227
407
121
82
174
207
137
597
147
148
810
830
994
342
796
743
12
346
352
516
47
853
10
962
416
816
73
651
241
177
894
595
555
84
344
306
648
946
122
510
542
664
983
282
51
888
231
475
793
335
617
507
1
472
624
788
386
784
275
846
922
758
559
347
94
868
367
997
702
200
618
464
331
553
451
684
21
920
469
300
225
965
217
261
802
236
1000
845
594
225
489
539
659
319
493
88
94
447
393
124
493
560
598
288
71
410
744
103
665
49
626
852
244
622
308
831
964
894
670
715
287
486
572
605
956
525
294
428
842
720
530
416
850
337
31
103
136
756
546
779
297
658
462
419
208
880
991
80
190
541
478
105
179
500
995
344
165
632
223
372
301
796
704
491
262
294
949
996
739
719
378
329
133
573
218
910
168
434
732
223
536
343
155
304
348
66
179
115
754
686
408
469
407
146
424
1
256
577
103
24
661
781
344
31
390
32
406
4
942
272
143
958
216
963
469
20
391
532
7
646
508
617
310
320
243
67
191
245
912
602
622
247
395
279
408
113
443
374
935
872
744
28
52
508
165
993
86
829
437
199
713
870
83
254
951
999
629
477
230
186
581
997
749
418
700
649
288
558
214
543
289
164
74
603
482
799
80
454
288
566
47
217
618
639
938
593
778
592
9
386
845
890
706
891
587
761
384
802
600
32
839
978
322
600
130
380
888
833
698
718
946
189
337
422
776
999
101
103
215
660
168
216
963
131
719
244
356
68
939
477
762
945
585
325
865
953
763
24
741
163
689
807
445
441
754
137
874
615
590
368
600
883
525
81
169
501
409
379
659
858
68
909
730
280
858
635
94
358
898
2
493
750
568
307
221
796
181
315
278
983
658
881
415
380
849
937
289
274
559
674
536
108
506
250
408
513
677
796
233
150
437
3
937
490
41
390
953
416
885
907
76
811
988
554
984
420
419
591
16
272
353
182
628
124
345
114
293
574
300
681
145
407
49
891
208
653
938
596
13
457
392
545
24
743
91
323
205
630
671
749
619
833
842
893
899
415
605
187
366
155
373
139
628
848
103
614
444
340
290
697
523
614
303
107
201
445
195
192
737
110
843
193
408
391
813
288
478
160
200
65
722
464
735
818
40
190
528
357
688
197
187
920
218
235
243
606
214
540
982
715
982
395
188
577
949
61
701
619
488
884
983
575
640
435
319
138
75
327
561
949
592
131
731
518
620
464
312
934
870
215
462
245
75
917
162
82
204
455
8
414
788
953
748
608
71
334
935
161
438
911
648
99
249
436
858
949
214
660
575
395
712
439
45
866
912
154
399
670
93
461
274
410
254
340
955
554
600
305
943
507
589
310
872
496
421
653
433
47
404
815
5
142
321
773
927
976
929
37
22
987
887
37
724
778
647
570
377
57
284
711
887
88
794
12
582
952
816
486
538
474
420
568
69
335
114
727
213
125
648
959
631
612
766
195
986
955
78
731
724
759
907
905
326
851
233
66
310
640
642
72
564
350
318
158
147
194
275
820
419
145
156
22
507
385
625
296
170
528
214
961
821
925
867
656
782
1000
563
2
635
186
666
434
836
542
512
393
295
556
698
879
98
326
777
429
842
117
837
364
269
379
42
440
845
899
885
532
589
88
346
175
407
498
215
874
930
837
374
449
432
67
903
150
155
171
516
346
810
683
526
740
769
9
590
309
291
318
643
742
726
471
102
240
898
299
284
406
297
293
1
541
921
465
45
100
407
642
248
411
654
366
923
93
785
920
739
998
223
726
59
42
886
615
609
438
906
551
258
841
370
465
387
595
438
985
112
939
950
51
95
591
58
517
687
216
263
53
81
719
612
663
79
11
275
569
381
497
824
201
818
878
530
640
441
598
254
9
583
114
894
215
280
626
377
145
598
30
638
646
876
576
909
155
101
722
395
121
856
760
383
994
861
78
94
364
666
27
280
557
255
965
771
374
606
97
905
660
771
902
359
65
860
524
211
591
86
37
199
94
125
49
211
964
444
877
583
468
728
854
822
823
686
380
8
732
825
658
5
761
846
83
677
277
623
984
140
573
600
401
278
430
591
778
34
242
610
677
547
634
48
57
108
523
181
453
153
577
192
580
266
102
981
847
634
907
183
673
557
378
623
935
184
365
943
614
177
401
598
944
670
662
257
945
885
648
51
54
511
109
330
244
605
183
621
715
803
227
560
632
875
188
403
706
88
788
23
963
25
139
4
836
307
323
739
572
999
32
100
156
377
534
30
64
448
867
624
616
382
768
814
439
442
485
993
341
24
578
789
53
704
41
225
14
633
296
771
236
910
856
377
223
583
697
464
356
756
116
522
850
101
773
602
556
372
333
514
721
899
424
409
379
466
537
45
431
90
565
559
486
21
192
94
484
842
766
573
569
726
200
813
152
394
930
25
304
282
786
839
733
547
275
570
133
658
244
887
946
242
790
182
754
744
53
715
550
88
616
738
373
250
546
863
461
260
74
886
184
39
865
172
612
772
680
90
861
413
175
536
190
371
95
903
481
287
38
697
304
161
110
11
100
153
911
385
73
669
827
206
206
13
245
623
138
590
932
465
474
638
35
248
100
737
121
610
240
150
627
726
200
619
658
796
501
490
774
408
686
80
912
637
818
878
139
797
460
618
738
587
855
64
303
649
703
123
406
501
131
805
519
340
537
356
863
224
684
406
635
828
241
788
835
695
787
268
398
714
712
507
303
839
91
507
758
734
736
23
978
301
402
708
479
464
36
926
555
771
644
903
773
542
501
941
221
858
272
91
723
462
763
312
759
328
696
378
437
11
699
499
127
594
836
208
852
918
444
746
561
489
50
724
447
800
134
448
120
94
757
662
334
219
317
509
248
46
498
748
546
754
337
170
919
558
770
399
701
475
706
469
601
973
652
410
861
360
773
809
213
902
113
693
158
946
667
822
823
306
470
799
982
77
999
923
265
328
201
295
982
708
406
883
863
930
431
823
345
888
836
611
154
176
356
716
408
230
601
471
831
733
12
493
816
818
171
407
76
84
603
801
533
625
516
525
301
609
37
194
673
164
393
466
172
373
558
863
976
54
419
861
789
555
976
238
62
948
191
789
229
334
242
657
971
399
199
864
546
474
470
536
833
484
495
507
157
909
326
459
443
3
743
210
574
649
135
489
732
667
428
718
752
948
708
878
244
114
265
991
474
585
655
112
536
809
613
629
426
197
347
886
861
4
502
347
292
799
150
522
787
792
429
433
589
391
689
55
236
971
227
137
189
869
234
934
163
704
234
245
988
36
973
435
273
3
36
107
186
972
403
238
564
703
533
805
548
281
73
240
930
122
905
767
698
853
121
826
45
488
180
563
342
688
841
309
529
762
94
96
227
805
848
275
772
452
110
373
254
656
390
879
516
66
605
368
967
42
560
647
172
740
363
130
608
934
458
89
353
67
864
498
729
640
678
596
398
394
305
401
781
338
431
688
689
150
416
7
119
354
928
519
895
800
826
201
495
371
870
234
973
256
823
3
528
485
961
174
897
719
571
740
919
288
78
177
522
74
660
424
971
831
165
843
798
457
917
49
880
884
330
107
300
316
629
211
622
129
825
898
838
98
235
277
933
684
373
690
758
545
855
556
845
93
510
796
376
369
846
907
958
495
351
125
821
335
170
444
403
859
814
174
976
96
923
385
777
153
707
646
529
425
195
904
154
582
138
328
813
965
862
950
669
575
901
967
943
579
384
755
641
350
511
316
293
1000
285
902
383
920
775
990
547
320
362
502
770
811
402
555
465
822
722
137
431
775
701
125
808
324
634
169
25
943
327
522
818
160
491
409
625
274
667
187
935
732
315
707
726
65
101
606
941
727
390
732
791
510
446
106
828
764
73
135
72
647
975
785
404
337
878
97
398
404
825
525
333
188
388
336
727
94
7
652
858
229
157
282
422
684
177
288
85
888
293
459
655
479
994
926
108
59
358
24
352
463
386
730
879
656
30
735
587
414
267
798
862
33
673
606
725
310
422
84
60
512
796
665
523
408
449
13
553
773
770
892
735
148
332
34
21
245
962
255
891
619
897
704
873
347
21
84
417
862
81
902
657
964
40
884
59
330
373
245
86
802
264
652
365
520
199
980
412
365
738
33
625
811
68
870
447
125
929
937
910
516
901
735
712
932
62
824
938
404
394
3
708
37
241
687
174
224
733
112
364
463
395
448
991
92
931
824
767
538
92
501
973
778
44
475
514
435
319
279
125
163
700
904
403
719
119
171
923
278
867
389
750
503
63
555
550
264
403
980
337
345
654
970
313
474
518
243
673
824
716
398
471
438
37
476
205
417
132
636
554
202
711
680
646
159
408
505
608
857
380
217
703
207
239
571
955
455
483
421
101
790
391
356
800
445
157
541
714
484
299
495
364
95
277
912
338
642
916
939
112
315
776
679
965
406
856
945
161
166
399
410
446
268
529
668
726
780
304
290
252
942
324
375
978
89
166
651
591
268
371
770
700
270
816
79
657
644
375
46
732
615
805
842
270
272
220
388
244
608
306
391
335
605
244
525
22
712
737
231
453
333
185
540
685
223
678
476
324
934
500
589
220
521
54
507
248
589
705
664
810
882
977
524
824
897
404
288
810
221
946
33
378
939
205
378
239
939
965
818
516
616
757
106
862
543
540
286
781
886
907
107
929
109
661
800
744
415
158
141
858
604
370
17
292
708
723
280
833
257
919
933
697
49
969
983
124
775
351
206
229
465
639
421
339
53
936
848
31
91
364
47
667
852
472
575
909
552
866
759
46
910
733
477
593
527
463
420
26
154
194
19
448
495
99
26
444
954
50
913
222
998
802
685
843
110
748
248
39
800
152
114
823
353
585
119
218
729
163
665
954
915
896
872
749
457
407
433
878
30
574
475
347
506
215
477
425
805
411
111
480
359
398
840
271
350
988
889
557
542
264
761
12
893
282
116
564
178
203
793
628
727
618
39
385
851
732
326
616
557
100
413
684
871
319
714
602
164
836
427
587
709
523
385
425
658
240
594
425
536
42
652
357
278
628
314
9
933
359
381
791
856
461
839
521
282
276
552
457
470
46
534
711
732
685
550
221
200
181
177
414
784
200
75
362
417
570
285
72
626
500
697
269
197
630
641
421
373
693
216
556
434
356
702
874
538
786
867
282
789
667
334
305
507
755
649
234
838
182
455
232
381
310
998
110
911
249
405
433
379
254
278
947
231
262
628
820
58
708
165
380
970
274
555
130
917
359
426
491
157
668
270
354
311
483
779
449
853
851
71
348
643
79
716
744
497
553
915
702
374
28
823
64
872
741
991
385
277
46
448
758
370
740
555
756
17
51
813
927
999
443
109
97
977
71
91
103
699
705
720
494
931
473
428
463
509
106
568
354
927
890
303
845
296
107
799
43
865
426
306
219
406
869
74
150
983
538
40
824
634
10
47
369
823
57
569
60
536
896
287
564
741
2
929
176
5
36
621
742
67
462
756
661
592
23
512
629
158
65
293
714
197
986
998
30
205
584
373
677
98
620
908
977
986
472
840
742
738
674
348
308
445
970
306
287
112
801
366
363
757
575
156
83
990
279
287
120
678
445
38
671
85
337
319
135
268
205
576
221
897
397
141
712
646
205
517
345
158
701
23
368
161
905
288
405
258
417
309
69
466
402
91
203
501
431
178
496
411
995
989
968
749
626
988
920
844
94
584
897
60
406
704
890
741
174
581
198
600
544
865
828
599
983
186
733
938
301
72
983
620
936
357
901
535
223
754
997
472
44
733
651
909
227
319
751
628
15
274
200
558
857
723
911
337
977
851
891
776
488
470
438
262
770
290
873
519
674
196
489
369
121
130
32
572
387
873
777
147
372
155
1
613
725
44
475
460
469
750
391
18
277
532
245
943
786
480
906
974
778
78
894
265
298
592
568
388
834
491
903
868
677
21
324
634
192
222
548
36
909
850
382
920
63
617
999
948
770
130
473
120
871
774
356
8
43
302
69
893
16
395
18
605
665
350
624
887
900
943
153
504
641
189
808
840
519
604
634
281
25
645
101
718
69
443
524
576
714
792
654
393
149
523
53
758
938
174
206
684
76
369
943
69
180
725
724
365
853
81
689
471
614
94
767
718
706
795
21
17
303
74
236
936
698
452
996
593
138
42
961
969
788
642
874
92
697
666
993
982
850
918
316
257
623
414
355
824
994
776
395
361
0
696
914
822
951
390
156
366
573
760
110
957
657
528
266
58
459
253
11
340
583
180
932
133
573
502
33
637
239
403
464
47
525
635
543
773
251
220
32
998
813
537
466
479
136
425
289
845
252
410
94
97
42
836
270
313
781
592
400
101
117
48
709
512
239
999
330
880
596
369
655
851
455
510
211
216
634
442
492
266
487
538
898
265
448
80
613
979
561
66
324
708
606
67
545
32
48
483
956
744
623
366
743
455
370
61
33
831
740
910
939
58
777
64
930
911
973
46
377
412
791
246
305
756
324
596
565
203
220
596
125
65
842
388
207
134
394
114
657
798
115
11
457
972
218
966
192
423
864
585
37
71
675
454
435
666
421
586
294
521
519
195
674
26
298
39
631
999
947
10
723
765
509
545
276
120
965
95
374
322
532
832
698
583
248
36
206
292
189
330
797
143
31
657
16
355
88
899
381
201
488
8
350
601
714
645
673
480
699
755
265
551
92
548
568
43
4
478
271
411
881
185
763
584
96
60
437
983
163
976
778
479
325
14
77
377
943
768
710
754
934
697
852
911
362
507
55
162
403
457
213
590
14
256
237
294
569
539
817
516
540
181
383
960
755
450
962
262
562
510
166
87
708
871
592
370
28
124
418
280
123
520
835
80
250
294
581
692
648
938
632
972
890
202
559
71
897
623
795
809
561
845
361
441
237
145
608
986
92
59
106
138
582
390
608
377
257
953
216
137
324
242
639
770
390
991
69
252
908
34
406
111
117
182
532
104
846
466
289
545
874
984
88
662
517
16
732
926
554
337
29
284
925
691
256
345
490
644
852
894
638
200
891
1
978
110
909
995
327
522
445
130
484
103
887
957
738
284
84
925
43
7
819
921
575
193
628
568
247
449
694
106
134
631
482
104
680
755
608
812
623
765
830
997
745
171
141
558
380
2
751
590
428
7
595
166
582
235
893
339
205
228
806
381
929
864
735
527
788
241
234
421
315
588
37
571
491
544
799
225
655
331
800
478
390
50
990
458
516
709
128
229
56
850
553
760
707
322
41
798
179
196
65
430
238
523
745
979
589
448
42
925
734
581
363
297
758
83
484
687
54
308
153
927
548
393
962
262
499
818
406
555
899
571
0
287
167
29
287
695
586
352
541
857
811
713
617
945
489
513
177
385
328
364
48
540
217
492
960
607
359
864
22
968
617
380
877
481
291
434
803
962
643
972
143
977
283
224
734
0
927
950
920
358
123
366
447
590
823
943
666
38
238
343
683
986
448
618
477
611
411
668
321
612
757
442
275
903
627
278
729
72
351
636
837
55
263
496
890
360
214
75
643
157
628
39
706
98
230
867
463
602
125
264
400
462
396
373
233
358
139
221
801
347
573
579
93
507
240
685
437
722
998
589
571
851
825
388
899
895
383
135
192
30
648
295
361
920
114
213
777
413
928
785
705
760
995
218
204
182
591
204
973
604
819
219
850
195
800
399
54
773
295
716
761
13
264
84
809
98
280
57
640
523
906
689
463
537
742
809
193
163
216
89
565
204
132
781
748
224
600
482
720
135
871
238
903
177
659
772
388
542
652
325
698
494
938
120
484
902
423
762
375
868
634
620
864
989
604
967
827
617
496
643
860
656
982
256
122
582
603
890
702
714
633
498
504
574
115
36
834
443
371
741
7
661
777
597
765
682
211
295
867
546
110
741
580
500
558
766
937
367
636
35
963
444
174
948
694
357
962
138
12
889
598
44
88
925
706
718
360
765
145
150
987
842
131
182
451
399
751
191
946
926
638
189
733
618
629
550
581
352
959
419
899
898
660
917
911
787
55
194
671
150
413
210
657
623
288
376
144
561
338
15
907
440
352
487
847
954
301
131
577
728
234
379
70
232
51
135
214
570
431
640
972
828
27
748
301
691
187
333
250
701
926
774
689
866
652
646
180
430
886
358
428
86
576
166
780
773
340
676
937
893
984
325
650
382
286
235
741
404
272
812
504
380
7
175
44
22
557
241
951
658
536
436
621
900
433
329
621
482
809
85
819
936
487
657
677
515
185
342
763
240
998
186
68
944
981
72
855
650
954
431
975
556
738
651
880
163
183
232
787
778
334
240
32
670
477
396
509
26
922
74
161
924
362
928
236
588
830
604
636
769
488
701
865
703
291
530
36
276
946
458
629
168
17
302
774
961
171
739
547
190
741
6
109
701
681
540
505
626
245
871
839
768
687
308
845
695
260
213
921
702
468
119
727
92
72
36
261
429
194
749
340
99
582
298
580
265
77
353
643
988
551
150
481
624
689
793
268
487
103
17
278
697
921
673
490
703
358
994
506
522
541
208
805
335
108
595
524
824
259
578
343
941
506
40
237
43
236
374
618
390
127
153
652
249
931
607
774
463
375
192
560
124
416
941
530
542
4
583
110
586
385
754
833
462
693
176
358
804
986
824
607
919
778
393
424
875
417
931
818
299
790
296
833
157
74
185
253
652
547
555
556
177
8
35
155
450
71
827
369
992
220
815
544
686
509
362
205
165
400
402
292
396
405
873
200
143
704
893
566
222
858
259
310
294
580
425
438
781
615
768
91
819
481
625
226
462
72
284
719
909
591
649
8
831
433
149
250
103
275
660
129
937
997
525
765
318
451
984
204
357
809
923
727
678
964
289
825
679
158
262
591
594
765
232
342
77
135
115
841
916
624
689
578
925
549
600
498
815
487
604
415
918
547
358
34
31
188
752
232
312
348
139
737
975
173
428
602
225
634
275
4
579
884
786
910
408
518
884
98
826
279
876
709
492
25
801
577
966
370
843
444
543
978
783
431
205
600
552
646
76
807
295
833
932
406
566
582
438
500
528
720
363
976
952
101
430
412
45
879
805
92
697
929
460
342
263
882
531
808
181
734
355
677
961
744
729
729
16
302
970
604
137
135
759
938
427
938
976
221
584
20
201
463
565
152
293
172
697
589
682
688
729
620
483
288
484
987
422
936
406
65
955
512
306
200
893
107
373
234
349
42
712
571
426
312
358
937
214
707
738
304
797
895
120
549
10
634
227
64
57
421
172
162
829
956
336
71
808
661
505
523
176
344
664
764
195
855
369
88
440
518
799
41
634
452
431
22
923
746
931
405
442
701
30
305
667
21
84
729
59
127
81
675
288
787
851
20
331
420
931
42
930
803
0
162
912
503
739
727
427
35
436
297
124
519
345
891
406
70
539
58
870
212
698
930
616
705
479
48
606
12
828
826
549
665
125
326
151
525
468
126
935
175
596
222
425
621
199
914
548
803
94
863
696
834
336
540
679
522
837
157
665
229
583
180
529
794
167
939
731
125
454
22
142
82
880
455
708
268
991
162
432
600
151
328
807
419
185
999
927
289
682
146
560
104
299
782
279
620
946
81
973
46
201
8
152
930
969
373
410
487
722
109
238
502
206
381
58
840
835
284
231
162
837
532
782
347
392
739
397
295
102
867
411
931
47
242
324
433
726
255
538
866
806
39
325
997
381
951
407
994
712
117
793
736
903
173
367
67
323
99
930
298
562
999
132
200
886
560
951
162
754
857
702
108
463
840
581
309
942
926
186
314
187
184
832
354
616
986
922
170
734
877
274
588
649
561
554
758
674
141
340
165
310
444
306
28
774
530
322
863
978
370
806
676
875
510
60
981
242
499
292
411
560
339
661
657
400
479
605
31
15
227
47
636
333
715
243
562
66
908
734
271
349
324
529
19
939
244
92
818
994
815
34
568
724
382
984
68
890
338
890
392
193
289
856
26
622
405
539
610
130
645
148
470
948
266
744
694
205
395
450
37
610
401
522
357
25
659
194
476
828
461
642
584
213
812
815
842
475
477
816
315
958
853
430
295
305
159
352
373
275
37
727
750
202
806
497
805
983
79
495
939
967
402
940
889
974
511
99
56
911
746
90
286
756
823
56
783
11
369
768
310
349
819
821
565
221
385
601
670
597
914
965
166
740
694
270
186
478
374
928
624
383
349
99
611
546
943
624
187
16
94
557
167
908
829
803
386
706
614
802
355
740
893
61
43
495
916
860
603
293
302
818
353
651
41
980
822
431
914
669
155
961
177
202
558
331
938
783
976
844
34
69
431
382
202
354
857
311
603
351
598
131
445
632
39
435
21
244
591
723
590
862
502
825
307
75
30
135
148
770
203
881
136
109
307
751
875
623
382
115
981
909
748
678
488
104
259
510
77
244
226
414
675
687
77
272
544
745
281
374
321
468
54
468
750
308
837
757
450
169
875
308
633
888
379
922
592
998
679
630
962
76
742
188
655
410
109
557
482
415
723
439
675
657
973
329
286
263
136
626
705
469
724
439
479
773
750
249
773
967
660
183
379
735
814
735
864
656
843
612
480
439
996
957
342
106
865
673
731
854
356
221
66
510
989
474
530
536
363
36
899
156
618
537
838
155
330
969
229
463
534
229
631
880
831
408
467
134
434
906
548
816
150
390
958
920
630
188
381
465
988
130
271
877
821
637
552
521
731
162
991
982
22
625
509
113
444
518
106
43
231
323
382
737
607
457
527
747
516
505
55
353
363
750
82
740
349
910
920
85
655
43
310
707
826
301
943
569
295
693
187
575
794
84
905
773
239
253
275
1
134
788
835
793
714
905
42
89
406
596
707
895
228
188
275
730
488
216
305
617
496
945
750
241
843
669
8
743
297
586
955
907
41
628
832
825
402
183
528
364
39
874
229
877
798
840
142
289
191
405
629
389
878
865
108
769
895
374
363
303
33
542
921
546
913
315
382
635
516
279
135
560
215
780
588
739
649
830
463
107
288
835
99
167
2
510
169
365
481
62
33
47
483
747
723
307
405
561
364
295
372
285
538
939
587
177
31
505
363
996
605
339
260
953
738
910
771
646
364
118
428
749
65
707
573
513
329
713
924
874
454
256
815
496
610
248
182
75
696
537
908
451
261
215
140
765
185
372
869
253
911
442
534
50
890
314
418
675
306
700
200
564
214
314
461
504
362
955
617
413
223
639
65
510
533
838
861
588
533
939
460
533
987
864
901
1000
63
670
935
839
240
651
517
953
27
797
499
493
350
666
422
769
82
195
507
712
960
895
472
25
358
131
244
690
324
507
639
754
421
817
156
987
523
205
809
132
682
826
343
518
654
404
219
883
576
184
701
723
91
758
457
336
992
643
17
558
493
715
167
721
290
632
329
258
696
395
92
198
89
14
311
390
888
739
625
544
716
60
972
33
937
55
462
318
73
205
513
889
938
952
264
167
255
604
955
940
928
396
747
341
64
807
181
455
256
644
206
415
461
728
668
187
904
202
154
700
812
684
206
265
376
654
742
657
838
750
990
132
648
231
704
674
502
669
697
877
464
187
719
829
561
694
552
252
121
760
414
416
445
892
862
385
226
595
950
817
215
432
579
903
600
564
695
936
560
949
237
78
82
776
249
499
714
489
942
523
976
621
953
120
484
813
526
377
12
2
191
366
624
244
191
364
442
547
43
301
408
138
685
953
650
449
670
569
388
600
419
301
342
394
62
644
754
648
300
311
575
312
569
300
149
74
82
491
373
253
565
725
26
282
101
924
397
460
921
843
556
42
87
26
383
36
273
390
134
897
497
441
940
757
74
529
154
656
40
790
997
104
89
853
715
570
883
889
351
872
73
4
351
434
615
879
252
43
530
148
54
11
359
439
894
603
737
951
152
476
281
1000
784
144
428
256
454
301
676
815
305
993
439
116
105
490
551
111
486
619
146
290
699
700
844
308
593
636
218
660
826
153
189
404
194
520
57
198
752
972
846
138
25
600
255
547
403
708
650
255
188
972
623
366
381
27
529
121
369
112
638
117
219
982
404
667
627
919
776
29
240
628
747
109
407
227
496
91
952
879
853
660
351
954
180
712
521
996
452
446
361
929
224
536
285
652
414
519
383
417
216
76
214
237
659
668
112
144
498
648
639
836
825
790
346
740
425
727
484
501
776
729
627
670
382
194
481
745
435
681
349
333
584
82
803
10
997
625
760
244
499
961
940
390
862
822
553
980
740
362
152
413
483
67
235
487
806
401
757
544
698
498
639
21
145
144
832
113
703
641
255
384
137
299
957
779
259
444
868
39
581
352
243
614
803
425
794
471
318
354
90
893
25
847
385
428
945
368
112
383
820
953
812
967
163
842
830
761
245
421
869
862
70
164
767
145
424
497
307
408
234
452
357
196
647
543
628
450
958
376
605
928
420
428
724
2
708
795
249
679
893
916
684
514
147
411
29
351
536
417
257
619
119
891
509
563
798
707
677
314
830
3
107
380
564
217
436
791
918
146
515
753
150
367
423
262
247
710
58
187
305
553
329
519
62
689
909
724
229
309
588
722
585
535
374
446
849
4
720
39
283
771
818
296
124
125
321
207
908
692
498
822
707
603
467
753
137
892
291
803
870
503
676
569
63
270
491
776
300
867
347
904
752
369
100
858
356
998
130
476
260
555
759
818
315
323
298
216
281
691
868
721
952
633
239
750
931
70
138
82
386
130
134
950
914
89
830
191
662
587
120
699
254
757
129
970
278
931
918
162
273
126
281
828
967
591
607
187
46
563
557
743
891
807
268
942
226
991
68
869
206
988
697
908
778
367
965
279
233
147
805
444
667
490
75
819
850
530
412
885
130
191
858
724
553
586
342
785
112
93
935
964
170
296
145
101
592
920
601
457
448
867
71
914
857
852
190
290
362
652
993
332
25
99
118
709
265
932
262
717
945
100
663
599
844
435
139
89
902
663
633
992
104
410
360
529
515
575
811
492
533
79
181
21
613
127
324
771
458
815
63
154
623
787
484
427
578
940
788
732
786
530
967
711
140
661
425
839
804
384
54
708
36
537
25
597
87
629
991
126
60
749
386
501
233
358
709
98
971
370
988
999
453
79
970
455
282
555
20
936
939
902
822
851
792
373
346
889
306
783
999
98
421
118
652
585
592
680
873
515
339
42
313
806
64
718
868
747
412
988
695
64
52
202
678
585
666
20
89
724
826
907
957
782
583
362
118
887
172
441
117
722
92
288
947
9
435
967
725
209
775
715
552
210
259
826
671
314
943
593
575
174
689
580
998
869
404
708
262
865
815
539
297
537
680
131
753
505
741
247
227
386
584
58
626
987
239
906
40
569
481
659
410
817
573
700
302
534
194
607
83
674
47
685
965
209
304
580
321
411
67
704
658
957
607
624
84
576
471
659
499
870
387
91
799
397
574
542
606
210
119
397
983
458
275
872
852
787
122
920
56
935
128
607
771
237
882
832
435
330
762
109
330
435
919
799
519
587
997
900
784
871
0
989
592
853
899
535
836
496
555
495
605
136
33
155
277
228
535
849
825
66
431
776
679
653
721
492
303
103
437
629
669
808
503
942
740
474
522
562
231
271
265
849
123
924
982
837
280
246
570
427
826
377
890
624
91
718
201
491
371
292
35
408
28
620
549
754
190
322
860
335
201
916
671
707
154
271
445
328
207
373
914
734
185
251
310
836
698
311
861
811
422
269
953
119
515
721
718
619
515
734
181
777
241
920
678
35
749
957
384
21
554
989
458
500
302
355
372
479
934
826
738
117
130
250
886
879
296
765
786
569
654
386
310
719
102
919
829
586
640
656
589
527
721
879
707
826
593
813
475
490
465
285
582
857
724
901
54
840
752
515
458
871
366
921
867
139
73
34
712
71
709
699
677
376
694
928
768
4
595
756
771
306
550
33
845
534
235
134
498
796
543
732
331
274
924
966
563
837
675
729
692
367
868
108
555
801
278
721
585
597
142
564
36
627
404
520
202
158
624
556
776
196
463
449
247
132
721
64
827
744
402
416
823
332
198
219
270
382
736
824
764
911
889
997
736
980
236
711
172
895
655
450
831
438
850
713
449
914
694
227
622
623
10
377
60
391
749
984
486
738
855
450
282
979
635
108
129
202
813
226
384
509
670
212
550
670
205
990
13
39
265
510
139
375
575
465
326
171
952
115
191
312
887
549
514
649
961
418
114
468
802
888
322
892
9
214
572
826
119
164
410
317
65
508
36
82
272
575
27
102
676
507
993
472
124
731
227
929
335
960
86
706
742
705
499
39
405
361
127
786
467
110
63
754
222
533
811
644
827
423
616
68
554
917
963
180
52
40
656
515
422
932
147
482
899
14
707
368
40
251
524
558
169
287
210
839
96
78
704
974
601
773
952
219
200
585
294
179
494
809
663
42
610
855
671
453
392
475
69
806
804
209
70
293
591
887
543
616
983
281
495
27
562
641
141
555
818
763
728
735
855
748
705
163
386
683
380
626
637
699
560
165
20
384
640
732
669
443
179
305
741
433
83
547
274
417
756
246
180
994
463
643
174
821
953
587
527
7
427
44
771
236
943
317
698
548
612
68
430
645
799
799
7
802
855
397
532
746
647
277
106
701
493
595
662
845
818
21
894
729
768
817
906
447
305
11
297
255
186
603
143
266
991
74
32
885
496
193
10
576
550
816
884
962
673
684
534
105
337
734
389
480
847
890
750
29
798
191
372
429
713
486
709
815
73
676
740
998
230
785
198
695
280
72
729
363
291
506
71
107
226
381
724
458
235
435
72
116
732
31
51
785
335
222
529
27
557
32
621
501
321
636
38
242
683
340
940
209
193
345
323
886
946
55
985
205
31
471
682
1000
412
206
705
703
643
968
894
963
210
96
53
73
928
858
168
882
348
473
864
498
33
185
611
562
903
703
184
733
716
990
777
51
491
448
384
855
93
31
391
929
534
749
756
239
75
401
446
260
263
562
383
902
869
829
958
511
673
737
40
707
497
960
956
284
623
180
29
59
735
287
940
542
719
340
769
129
997
849
963
99
351
980
162
887
236
596
803
206
872
779
344
324
446
192
552
143
792
869
317
782
563
210
158
549
737
935
969
426
64
954
850
16
269
210
905
19
865
515
691
911
372
654
182
893
370
615
128
846
811
515
434
53
580
895
497
144
792
840
793
584
159
364
137
241
614
157
54
674
185
849
283
493
689
867
697
366
218
6
150
262
53
746
668
91
708
361
416
777
203
817
505
793
591
536
232
923
521
846
976
530
730
472
644
702
119
514
667
734
868
602
960
26
770
327
317
658
610
129
78
845
144
632
225
760
656
204
968
240
543
12
502
797
340
116
682
165
757
724
872
803
771
144
494
134
25
698
700
483
290
77
872
698
684
865
596
641
595
655
443
280
413
469
989
437
800
70
86
689
564
940
603
195
892
452
12
481
710
408
226
108
732
228
883
948
525
385
371
143
367
807
600
430
504
210
299
414
785
505
731
213
490
871
411
607
164
850
74
874
335
638
83
370
663
269
591
308
207
887
710
597
52
305
4
364
599
870
944
74
122
579
338
199
928
14
790
618
968
341
636
702
686
953
694
648
410
693
332
207
1
345
488
732
439
671
426
798
755
447
608
540
181
825
294
55
343
449
204
139
159
40
835
259
560
563
118
817
674
942
190
120
693
177
893
948
702
834
522
267
915
366
769
556
92
171
486
911
140
267
903
248
114
510
62
434
84
473
103
173
855
240
84
716
57
503
167
766
166
604
432
805
671
19
884
984
657
242
445
976
902
106
202
281
372
989
404
306
181
485
790
183
693
365
353
832
558
676
805
149
273
734
359
473
264
601
160
250
748
10
692
216
310
276
156
887
112
229
731
676
198
464
555
941
348
199
906
429
284
940
542
817
132
810
165
606
168
253
478
497
907
341
295
592
925
251
548
181
650
990
987
114
326
361
29
20
377
269
150
325
960
83
666
913
868
395
522
469
163
931
437
394
741
418
839
207
894
763
797
361
108
592
386
508
908
278
767
38
192
903
985
537
18
139
772
270
90
315
895
800
905
800
20
245
20
446
719
516
44
545
88
680
908
703
789
479
411
681
448
635
405
971
43
638
395
373
407
847
377
798
200
735
908
303
679
364
945
262
304
458
931
504
864
416
51
459
638
322
999
788
116
59
735
379
706
915
318
357
234
948
692
949
943
871
404
899
342
338
87
336
285
412
468
845
301
451
333
288
330
909
249
27
770
526
128
657
230
357
905
845
359
460
742
637
686
774
439
417
699
834
248
662
327
180
886
972
420
112
735
258
474
137
220
788
636
279
454
625
171
143
429
790
151
563
723
267
274
128
120
763
160
288
513
34
289
395
410
561
956
120
682
259
494
628
871
204
848
124
572
975
657
5
650
600
588
647
520
493
566
416
99
637
270
92
678
354
274
318
290
440
384
104
834
497
262
920
884
623
876
628
239
264
722
636
299
723
680
696
510
928
695
100
766
373
681
435
791
371
352
640
357
860
878
205
109
908
870
260
583
884
138
590
38
776
511
833
495
667
589
999
391
20
116
958
365
277
261
380
515
391
342
552
714
993
282
296
243
823
163
423
656
528
150
246
28
166
871
438
556
102
777
675
856
880
744
505
715
926
860
772
5
343
369
161
815
573
97
915
595
959
100
959
448
117
524
322
189
196
77
791
796
381
210
188
568
404
394
948
65
413
284
599
760
424
427
473
249
705
59
666
893
862
895
711
123
118
737
161
903
436
617
521
50
567
107
596
348
906
934
449
481
859
528
483
465
82
273
427
606
930
559
632
560
900
345
542
352
951
399
637
537
465
67
372
302
181
251
31
868
320
191
195
666
655
454
167
73
731
465
880
423
145
134
996
373
795
911
331
697
929
800
696
975
798
429
314
328
649
282
767
598
900
899
477
917
996
584
619
580
265
9
656
208
221
666
252
567
608
594
417
724
408
907
183
816
263
288
652
896
279
522
846
283
144
337
773
125
660
210
849
663
761
796
53
606
119
904
167
826
755
973
433
682
500
256
264
277
459
962
785
852
117
900
728
396
526
643
4
580
395
808
870
462
394
311
11
197
400
6
232
794
965
493
56
854
895
233
404
198
961
373
839
991
221
659
245
202
145
251
50
876
376
964
160
858
374
332
621
429
44
596
68
309
573
60
211
469
807
543
505
777
115
713
288
547
753
554
18
482
426
837
579
563
231
484
727
256
803
698
936
241
983
8
600
538
673
14
712
200
135
116
529
62
552
829
891
301
944
204
3
186
859
43
132
270
20
894
689
784
577
847
321
634
921
100
992
530
448
628
590
968
705
527
26
44
670
801
165
39
328
859
492
808
502
254
942
346
619
377
466
20
799
24
848
575
481
278
154
973
600
601
539
755
611
435
609
487
776
505
726
612
23
970
490
91
530
987
851
374
847
855
914
434
599
739
107
734
7
48
110
588
549
670
483
324
370
704
684
629
163
700
562
481
435
594
126
283
907
397
377
973
386
318
450
906
16
862
469
494
815
205
554
474
273
115
924
255
303
122
535
910
293
830
879
510
820
922
868
596
83
36
641
164
953
235
275
824
960
535
40
709
207
467
465
999
559
299
722
85
702
349
529
870
673
470
613
236
661