457
561
543
898
101
243
84
449
419
708
595
86
10
782
910
887
232
761
889
409
248
801
548
328
483
817
424
659
667
738
292
597
494
226
380
376
553
300
244
287
400
842
43
892
211
971
5
460
666
933
939
140
112
977
901
296
503
916
662
578
853
740
932
543
62
561
400
224
973
327
507
877
500
374
793
635
726
281
278
805
242
163
190
416
74
229
882
684
77
952
62
137
550
470
651
697
704
601
341
12
628
394
525
980
880
771
911
447
905
532
378
165
886
858
475
571
271
284
14
779
45
267
240
514
31
624
418
551
889
784
221
372
804
15
130
760
802
288
735
953
497
681
356
927
522
495
961
816
706
822
310
553
196
69
63
468
508
610
767
139
257
234
229
70
204
528
66
870
243
102
160
929
421
508
424
690
425
760
87
570
948
664
661
514
458
504
170
128
759
381
702
66
598
878
852
667
447
300
840
588
174
503
816
662
908
651
695
663
775
318
231
892
979
53
887
796
448
564
284
421
919
343
89
251
975
786
48
41
322
166
472
639
186
144
642
586
233
136
652
88
904
819
23
27
343
797
638
647
846
391
92
996
389
514
523
795
706
560
213
402
491
202
771
487
232
619
933
413
696
999
420
950
390
620
80
966
546
805
439
803
734
920
982
155
298
626
113
885
278
234
991
941
310
493
820
4
921
537
605
252
801
236
333
299
805
22
43
598
548
307
448
829
945
738
165
247
264
311
618
412
222
214
216
534
576
200
636
82
1000
674
238
335
495
721
267
422
903
920
848
489
407
387
988
626
172
834
300
671
376
848
645
765
849
602
705
659
978
827
647
333
596
252
362
372
704
183
285
572
632
890
99
757
878
10
853
634
626
379
430
435
629
798
836
121
960
400
120
489
102
902
945
397
299
740
514
643
441
653
592
529
614
872
389
800
415
901
258
514
62
25
921
824
695
189
358
189
167
868
137
102
916
961
559
822
313
46
758
714
645
346
123
607
141
510
327
695
965
707
693
368
642
6
928
953
954
129
354
4
520
116
304
936
585
409
888
697
646
475
483
466
43
71
486
925
841
459
861
429
114
35
394
8
674
6
1
13
88
131
745
572
543
731
883
708
564
336
552
231
176
413
518
243
93
855
852
566
40
407
188
130
3
643
349
879
726
379
207
892
619
391
985
511
119
98
561
63
835
598
646
949
430
762
153
105
449
387
341
921
580
168
772
624
254
643
571
486
271
664
909
562
836
4
402
538
88
759
421
687
247
964
840
887
798
840
344
250
836
111
989
639
6
416
143
988
42
955
119
832
335
569
258
595
92
846
432
141
518
186
879
197
235
689
601
115
491
898
725
222
750
97
639
821
893
106
179
224
550
74
425
184
185
216
1000
807
407
370
718
267
173
330
726
119
224
527
206
642
69
98
693
503
500
925
728
67
454
557
698
392
80
480
681
169
570
531
41
359
517
384
874
445
377
875
795
969
958
778
171
746
623
292
428
275
961
241
964
205
462
615
132
108
879
854
120
177
322
872
902
479
970
861
673
501
5
901
362
206
989
313
966
294
736
427
523
619
35
986
821
374
80
623
317
715
57
463
517
302
116
972
812
768
188
35
952
880
238
487
556
826
806
482
367
499
558
66
952
160
121
419
860
455
613
335
628
710
88
445
214
515
703
880
121
971
447
29
737
511
712
834
297
796
974
119
105
243
727
188
935
301
949
700
501
268
494
438
850
671
295
891
221
618
917
407
907
661
711
76
185
455
402
440
393
406
357
702
444
371
849
251
143
535
378
848
982
806
829
786
279
996
30
849
858
986
421
157
902
670
620
268
201
266
555
153
55
215
199
350
298
992
297
761
659
332
438
146
145
246
882
825
92
267
313
295
470
411
285
883
432
569
228
142
714
774
898
679
501
251
83
782
675
461
705
617
139
198
16
751
497
414
700
56
423
940
941
981
379
286
829
893
406
387
37
940
343
248
61
671
431
306
84
22
944
719
85
135
563
353
712
879
540
243
964
468
23
391
437
505
182
65
150
230
636
732
322
189
262
855
380
887
964
918
780
637
346
215
213
887
863
912
803
46
621
62
225
48
730
934
7
492
224
37
540
457
200
101
20
86
361
362
484
866
113
875
556
228
313
653
740
749
627
632
332
509
535
439
126
789
798
178
993
456
694
882
914
536
117
782
889
749
814
128
120
505
412
465
614
263
851
497
556
664
553
240
74
433
107
335
115
869
132
382
339
640
712
721
484
949
50
673
333
542
48
882
74
818
402
648
733
974
169
353