963
633
189
528
196
912
709
178
151
861
664
422
499
786
519
442
582
424
654
815
423
299
617
650
983
381
874
71
464
990
488
34
587
126
618
781
890
0
576
539
477
723
839
893
795
33
328
904
639
435
421
360
984
969
385
268
238
907
533
190
624
936
629
733
638
452
497
755
511
287
119
165
560
125
475
32
467
947
237
303
246
388
881
487
354
175
694
439
377
339
888
671
220
591
712
218
988
960
124
263
577
314
88
407
593
584
397
514
3
561
753
350
851
705
512
389
29
798
290
393
717
726
473
837
935
760
450
411
501
616
359
160
841
958
863
181
505
281
53
158
176
794
962
456
107
780
103
829
856
873
349
390
644
754
882
799
826
58
427
623
150
342
523
676
550
104
806
913
398
504
405
131
931
228
162
363
899
69
239
573
272
46
509
903
108
789
365
954
508
168
818
517
454
971
879
101
445
870
724
153
4
92
193
929
18
615
759
682
271
336
566
135
959
735
670
807
827
886
212
223
824
855
332
68
843
649
254
589
828
208
380
642
608
35
788
551
968
252
420
184
50
481
848
292
995
718
772
25
47
698
386
109
802
660
937
329
191
943
920
324
885
911
558
766
840
38
166
631
714
821
690
543
408
902
884
298
513
825
540
546
928
520
364
889
152
81
403
739
625
257
787
276
681
948
19
823
163
441
282
260
730
905
15
240
66
111
436
89
51
985
362
213
578
331
810
387
674
704
219
830
556
776
468
923
220
500
628
256
845
187
174
87
373
311
924
669
367
701
40
289
12
956
645
22
524
585
696
910
579
140
72
535
2
919
686
620
599
6
736
567
259
926
415
702
871
693
317
327
471
200
502
75
552
157
343
662
485
106
637
10
588
949
744
401
950
568
868
198
897
801
291
206
323
571
648
611
973
614
470
756
288
554
627
197
277
544
334
205
266
307
534
951
921
265
877
61
156
417
601
764
484
43
689
204
138
378
993
595
716
409
395
762
816
866
82
741
901
243
136
49
683
247
758
203
36
732
98
522
449
457
609
656
137
610
344
300
250
565
225
143
335
710
865
992
102
622
707
141
347
52
590
173
695
896
580
275
64
607
402
462
651
211
171
722
326
685
120
700
99
518
687
771
382
293
270
536
391
605
195
859
199
548
516
340
961
844
235
479
444
800
149
526
746
553
914
123
596
20
352
297
410
773
930
641
634
646
665
812
45
269
383
372
784
319
831
857
994
447
796
284
433
922
83
232
122
242
909
521
811
977
214
296
925
159
90
428
817
42
720
333
538
982
179
803
482
606
814
24
406
154
737
221
496
604
346
725
384
375
822
989
555
283
267
370
703
572
353
279
418
94
492
170
778
86
991
574
188
791
677
850
750
351
438
60
486
525
908
916
883
876
734
434
460
274
854
898
563
987
797
613
996
262
413
891
134
775
549
249
369
474
738
394
970
679
832
672
337
586
472
748
426
207
376
600
227
603
338
887
201
9
209
129
30
93
419
860
507
774
531
779
186
942
830
711
820
446
964
602
892
463
44
404
355
569
846
480
659
77
545
769
1
469
647
55
429
253
65
210
493
11
280
640
113
310
967
562
308
483
668
399
592
23
895
451
416
697
494
73
476
286
770
432
315
972
938
133
455
57
478
116
675
437
91
643
658
245
161
594
834
312
255
430
21
852
306
715
145
635
96
194
975
234
258
216
357
128
713
309
79
981
597
412
763
727
918
542
661
248
783
313
361
230
56
295
139
495
653
115
510
112
229
858
345
699
431
76
78
875
70
944
244
872
790
215
751
127
177
261
498
842
231
894
952
16
537
97
740
7
692
719
581
62
251
59
965
110
147
946
5
371
915
226
490
294
934
425
185
27
673
28
192
630
146
368
278
706
233
731
273
728
761
782
917
880
529
747
100
974
84
167
564
933
515
757
745
8
302
144
164
742
652
503
878
142
792
583
180
440
241
118
414
586
132
117
793
940
532
768
767
809
541
765
979
663
547
976
557
657
374
155
805
570
867
953
63
443
202
819
688
598
655
941
67
80
301
835
729
318
305
527
37
808
453
461
632
379
864
862
31
978
114
54
341
955
285
400
838
619
304
13
465
236
847
530
708
559
721
986
182
356
321
459
74
366
980
448
749
222
945
217
691
264
224
612
130
804
183
927
466
330
458
48
932
833
105
785
813
684
491
636
666
939
506
575
26
966
358
320
121
14
325
752
906
172
39
392
777
41
489
869
680
322
621
396
900
169
348
626
743
95
849
957
853
836
667
148
678
316
17
85