415
1456
7363
8480
3041
3763
2971
3668
5492
3584
3866
5857
4552
107
1508
150
5251
3365
2319
9183
4709
5209
2043
1096
972
4593
9700
982
2703
9370
1635
196
5516
4279
1171
2917
8299
5168
6970
8622
839
694
9711
2082
8124
3511
5490
2617
4104
5994
2176
4617
1981
8972
3368
99
4478
4885
6985
4181
9390
6210
1396
7727
1335
5213
3358
3709
725
2229
8676
9428
2264
6051
2230
6564
983
5424
1733
9975
6992
9928
8375
2787
1779
823
2168
1256
2915
3383
1155
8693
4846
4915
9750
3303
7944
4868
3778
5219
6632
7573
7858
3489
6427
1921
6233
8812
9625
3889
579
4537
1742
8374
3453
9906
8487
8842
2520
4796
9769
9169
5865
1132
3436
3346
2710
7419
9792
1551
1701
9102
1105
8804
6527
426
4382
4914
1499
7457
627
5274
7686
1999
2711
2149
8528
7001
3530
1041
7566
3831
2181
9308
6017
3722
1053
7337
2965
4881
2772
1668
6805
4666
8404
8513
129
5713
8498
5180
4674
4775
6705
408
8296
388
6134
5594
7560
3272
7786
2088
4970
411
8945
553
2517
3391
6019
7955
9073
6575
6974
65
5415
4698
7364
7599
1647
417
7570
9909
5759
180
9764
2866
3648
9683
5185
5137
704
1196
3979
7539
1935
634
2941
1884
7922
8758
4771
3171
9151
9400
1222
9100
55
374
2824
7625
5002
6734
2434
5040
4830
904
9328
5231
4132
776
9780
5170
9535
3999
379
9996
8185
1946
3710
5334
7956
5629
6207
4404
2414
5993
4755
1097
7682
9969
9515
7907
986
4428
9543
9059
9012
6825
6754
4572
3355
3231
6461
5143
8867
7315
483
6145
2387
155
4946
1543
6138
131
8704
5018
3527
6083
4975
1404
9645
1464
93
8535
234
2271
8833
6283
4167
6929
9778
8876
2147
5324
8219
8452
6846
8237
8205
9980
615
2
9210
5460
1857
9436
2232
7219
5906
2135
5905
4695
3457
9516
4976
7733
8844
8371
1316
2144
4789
6580
8716
7814
5534
5854
2383
6871
5914
4566
1282
7048
1164
5640
2900
9036
8705
6026
577
5153
3386
9825
1005
8660
4818
6741
8130
2630
1294
8829
849
8265
2245
8841
745
6522
1340
2524
4638
6745
4394
7014
5098
5088
922
8511
8428
9675
3168
7611
4408
8573
3237
552
7136
4248
2039
7111
916
6968
8018
3867
7063
714
1297
7469
6271
3375
9959
3031
9274
5123
195
1534
2500
2313
5535
2288
8430
4339
7304
9131
4682
2778
6606
233
1436
2098
3492
6879
2553
4018
1199
2206
9639
1860
1160
699
6725
7266
6568
2947
4023
689
750
6905
4520
2193
6850
7065
1091
4446
747
5838
5569
6372
1677
1761
1569
5357
7784
8115
1675
5053
8215
7877
4403
7596
8338
7648
8062
9913
4063
2241
5130
8493
8795
3970
7300
6376
3660
9042
4285
7724
7131
8391
1375
7923
7601
6185
7627
4244
2405
3700
2349
5512
2521
713
775
46
7016
6821
9497
7565
2397
7075
9123
9126
1697
1468
173
2504
3451
1042
9150
4850
7594
6113
3738
3269
4908
6579
6505
9450
2963
2704
989
8176
8273
7124
7688
9738
1377
6595
7156
210
1382
1661
9403
5173
7317
6194
2263
2565
1835
8614
6794
8643
5205
549
5908
5531
5437
6224
6310
8939
955
9756
1351
7783
4684
53
2774
8344
3840
292
5839
6746
8346
5235
9559
2691
6416
2887
6006
7530
3083
6569
3278
8261
5952
8412
7473
7986
312
8226
5211
5346
6293
7030
2896
9655
6012
4522
4411
2844
8348
4516
2267
5764
2258
9377
3103
3026
6695
6104
8526
5592
256
5125
2846
3739
170
217
633
5246
697
5942
1413
285
334
8809
5270
9063
5407
4523
671
3964
143
1090
5344
467
545
1016
5487
9503
6604
6976
2789
8852
254
3488
7639
4714
3992
4420
2222
7393
929
7333
473
8023
8
3280
6085
5525
1844
2763
4001
1947
5422
4219
6181
6246
5200
5430
1437
9883
7626
9741
2899
6266
6388
9232
420
9024
9970
9117
5448
7052
2334
3319
2754
2108
5926
2958
7984
6359
59
2638
68
2169
8759
7643
824
8373
2137
7514
3107
5022
1962
1822
9297
1380
5618
7574
4353
2631
3076
6567
6216
7847
2233
6512
9735
657
6228
5711
5511
2549
4919
3292
1392
1507
9926
5144
4359
1054
3432
554
1281
533
5408
9380
9947
7411
2895
4166
1223
3123
7708
7747
9680
673
1869
818
8626
647
8360
611
6098
7415
6221
384
9500
4613
8263
110
6435
7006
5822
5648
7356
1273
5890
9044
7227
5868
6059
9415
2647
2086
4179
5099
5867
4427
8582
1320
2867
4101
302
7790
6748
3774
8668
5315
9939
9577
9235
1188
8292
3487
311
7082
4308
1731
721
9258
3944
4208
4843
4518
887
1900
2276
619
3666
7927
9330
7684
6270
874
3108
8007
7224
569
1142
6804
3704
3124
813
4550
6801
2508
8673
8932
9179
9494
6232
4021
2994
8838
1741
4700
7066
8131
2981
2166
7970
2722
2002
6476
7396
1219
3449
4057
1074
1901
219
4367
7426
8330
2815
8229
3508
1862
1696
6534
1010
6689
9528
3084
4653
8985
7602
889
9679
8779
257
7541
7912
262
3946
3900
1878
537
1720
914
8568
1290
4859
7819
2041
530
712
6866
3852
9182
6792
9628
8649
4271
3218
7012
3688
1622
209
6762
2126
7557
7302
343
3587
3888
8662
2826
4263
9737
6320
1249
5619
9482
1992
4779
9340
5232
8227
7845
3632
7781
7745
429
2838
5164
8152
8456
8320
1892
1671
9371
2494
1614
668
8728
6273
121
7464
5721
9685
2525
6164
7798
8966
9326
7450
7894
8530
9967
9538
3730
878
9623
7171
2087
5518
4116
4715
3517
5296
8618
5561
6869
3334
705
4873
5921
1332
6766
3984
2780
5580
9225
3207
1993
5553
6931
9521
742
9368
8670
5693
4533
238
1228
2673
9582
1129
9246
3261
7127
6594
132
8118
9351
2290
6721
9043
3094
1120
655
8468
1259
829
2442
4573
2642
2957
5876
1655
8369
4777
1684
6429
9407
3629
8926
1768
7968
4722
538
4067
1624
2767
6855
2469
670
2325
6381
4119
9345
9818
167
340
484
1708
4662
9448
8666
7698
6256
6157
4161
6520
8052
3020
9546
1491
6922
441
9949
4888
491
1241
3820
8729
7673
2620
8790
1099
4640
851
9136
4020
6964
116
623
2332
5596
3323
3005
4323
4727
3933
9812
2687
3128
774
9465
5077
1851
6983
282
1654
752
5941
901
4880
6156
4761
3336
1764
6193
7992
5665
703
5801
6487
9880
7090
1012
5141
7405
3528
5696
8895
7234
9472
8564
5387
1193
7863
5253
9139
9657
6048
4432
6296
1808
5887
5954
2921
9113
8334
8123
461
2788
5934
9105
9228
2953
9221
5607
3655
4200
5579
8517
179
8892
7805
7059
8508
2864
2384
8239
7972
3993
4002
139
6697
6444
430
2103
8548
2931
9723
5785
5666
4676
3975
8102
7588
3115
9548
5483
7585
497
9963
3186
743
2625
9480
442
6625
9830
8489
9850
2089
1364
3814
3514
4648
1419
7321
6967
9325
9731
3363
7152
4249
7286
7303
3251
3474
2474
3244
9789
5928
2139
1397
8390
5076
2674
3071
5832
389
7782
7443
165
666
8724
4306
8295
7129
1305
1066
9222
7888
260
6699
6304
1386
2714
5897
1381
9447
8534
8197
8969
3246
2766
1528
2800
2851
9391
2007
5595
504
3034
3242
672
8187
5560
7522
9084
9856
1313
44
7208
2246
4298
4070
4858
8156
4267
9417
585
9399
5186
7609
1384
8831
9839
4178
5642
2564
3306
3283
1414
1587
4721
6459
1893
2646
4075
3484
9930
8933
5265
4257
1787
3059
7454
4756
4380
4032
1917
942
7515
584
8332
6533
5122
9412
1133
8074
1539
9481
5429
5911
8266
2324
5902
5224
3892
3298
412
9010
6546
8157
996
5033
5515
7177
281
6634
8282
4007
6865
7019
8107
5262
5183
8512
4222
863
6028
969
1048
2982
7479
6920
5097
7901
1783
9605
782
7261
2211
1744
5834
9777
2732
9801
7674
8028
4197
5757
7492
9677
7398
4611
6912
600
9466
5697
3766
6629
8103
3279
3289
3570
1374
3594
4383
8771
6768
1121
2326
1732
2822
897
597
2231
6011
5798
5736
6475
3380
3167
8499
3960
1756
4920
3891
2257
5046
2998
9095
6133
9863
6828
7119
7174
2870
7916
5230
42
8042
5243
882
5361
3939
4455
8418
2223
1533
2268
3235
5051
3794
9676
937
8163
4201
2093
7840
9892
4641
5699
3702
8323
2314
7137
4372
7575
8595
8318
8317
8904
8415
4622
7144
6122
9762
7388
867
4269
4741
7721
4414
5496
6347
3578
8609
1217
6349
8307
1270
2285
9047
2510
6227
3387
7372
1279
756
4345
4635
7368
7925
709
9049
4142
4894
6102
8805
8701
6206
7379
7232
8429
2136
3538
5159
348
5991
4847
5438
8630
8306
5384
1530
7896
526
1598
4820
7244
6621
5643
8005
9547
5575
7123
8040
3682
7669
852
4466
6209
3155
6950
3047
1165
9965
8347
1407
2635
991
97
5805
7259
3741
4774
7617
9435
5250
9905
9705
8267
3444
6676
6404
1450
1955
6547
4497
6928
11
4118
7025
365
2836
4236
9773
5856
4458
95
7011
4608
5263
698
186
1447
6440
5291
4419
1784
6483
2296
2888
2435
2491
2849
3417
9181
3161
7470
6544
4980
1272
7954
4544
5480
3942
2574
4591
350
9807
4312
202
4631
8283
7900
7389
47
341
2291
8862
1300
8796
5940
4890
4226
8244
3904
4016
5242
6718
5411
6723
679
6052
546
3561
5751
7938
34
8775
4451
5372
8789
3758
6188
1837
5215
3932
8241
2183
6432
1618
3176
4352
2976
3689
3062
9242
153
9205
7773
1572
1428
692
7378
5624
7229
821
5360
10
9223
3314
4819
6877
6735
1652
9290
1757
5859
4399
3148
7529
8531
118
9972
1984
5989
5877
6027
7198
6703
6286
3572
1477
3197
2751
5815
117
2284
1579
772
1172
834
9272
2556
3812
3692
6743
1198
3802
9981
9344
3677
643
2602
7838
7946
6464
8183
5074
5476
1763
2116
4892
8943
610
4705
2659
9065
6363
5829
8731
8537
1902
5195
4344
4930
8575
6394
1312
2265
3928
8546
1296
8830
7285
6321
5150
6789
2131
2063
457
3951
3678
2983
3816
6231
3927
9253
9324
5271
8710
7689
9075
7394
9357
7184
8947
2294
8206
9237
386
7392
1403
2771
6332
9556
9864
7794
5962
9600
1563
2919
1730
4290
8968
5090
2720
2812
4504
8416
1640
1577
8971
1651
7104
3723
3053
4268
1201
346
5530
5922
3954
7911
7107
8380
9504
974
5201
1218
8302
104
7092
8584
6713
5970
8944
1620
3470
6750
3105
7816
4519
4809
6066
3064
328
8497
7510
4386
2961
1388
3175
7615
4860
5664
1841
1441
1707
7913
2318
7176
8902
6002
8240
4041
7028
4726
3718
7985
4078
9311
6344
7549
3961
4187
1036
8915
934
8822
5222
2608
5304
951
9214
4045
3127
7767
7079
2503
3726
7143
5894
2586
5158
3455
1604
8563
2077
2841
3464
7345
7516
8558
6832
5042
8925
6666
777
8285
1996
2663
7427
8196
3495
883
4134
9686
1866
6945
5341
5899
5449
284
5794
3299
1565
2738
5564
5559
8879
2970
8843
9768
4141
3428
2969
9499
5470
4221
6971
6954
8108
4725
5187
2184
7071
9058
1806
1454
609
5114
3589
6517
2303
7526
5325
8884
938
3430
8522
8343
6659
4667
6489
7757
9333
4922
5189
6401
1879
626
7183
9498
1706
7330
2453
7205
5988
2587
4258
1136
2220
4955
7564
5129
1124
1455
5603
3348
8624
717
3378
8989
2609
3644
6094
3721
4620
9360
923
9815
2859
9918
9289
6683
7775
493
5140
6493
9808
6187
973
3618
213
481
7406
1415
6392
8752
6552
1788
5654
3040
8785
2457
2695
7077
5630
1610
9014
4508
7053
1068
5431
6177
8316
4025
9870
6072
8896
9361
394
8357
9241
3645
8928
6337
5519
3685
3571
9068
1515
168
5079
4978
7788
3398
2331
7159
1324
9653
435
7965
2797
8169
9188
4374
4632
3496
6454
6239
9595
9987
1564
4988
3225
6914
397
8153
184
3036
495
2966
8859
6368
3575
5038
8913
1971
1969
2167
4027
7950
9293
9695
3919
0
6110
4283
2109
4209
6757
6229
4036
2880
6807
2467
3116
6990
423
5679
5161
5777
724
4459
402
4185
9303
9900
799
2293
7078
9702
64
7318
501
1548
6955
2785
1595
8958
9284
2989
2051
9690
1137
9372
1169
1255
1542
9804
306
8934
6753
4966
7853
1960
8770
5809
1493
9944
9658
8602
9509
8403
8022
8510
4061
6355
7974
6925
9028
8807
9203
252
57
869
5089
2802
8692
5047
2055
3074
8596
5999
9798
1204
1389
6685
8086
1360
8367
5565
1897
3849
2178
8863
7468
4338
7834
7432
4672
1745
6255
2801
3791
2216
2545
6638
700
6307
5310
6989
6251
7292
2690
1442
2786
5395
52
4805
1431
5551
7074
8178
5617
9143
2702
3543
2076
4094
91
1449
8082
4542
6719
7600
9964
2029
9337
7962
7718
7267
4284
7595
8372
8179
8817
4488
5833
2272
6022
9208
5554
2489
5326
1401
6803
2671
4790
8783
860
9219
7789
6140
8389
3717
2350
6539
5103
4415
6327
5363
1717
1287
3843
4799
4376
4098
3374
6738
499
4111
5835
7785
733
9269
5428
1334
9128
4154
9486
1690
4583
4445
1033
4702
404
1506
935
9536
6003
7730
5746
2731
476
2594
230
2114
3079
727
8180
7945
9434
9388
8310
4319
7262
965
803
1262
4343
3048
9502
9011
7294
2053
3285
4385
297
3612
3990
4184
8722
1739
6890
1174
1075
2259
3096
676
5637
9032
6806
5418
3947
1108
9725
1836
9758
8801
2110
5704
7654
5811
7941
8560
9893
324
74
3081
9039
5405
9992
2101
7254
4068
440
3429
2270
788
7437
9288
1180
3033
6898
419
8647
7521
7621
462
428
8599
6095
7214
4923
9729
82
1705
4005
5247
4358
8039
7876
2224
5584
5645
5100
4848
9320
936
3396
7069
8922
5458
1792
7657
7971
8897
9318
1746
1943
2256
1566
2613
4387
3359
505
9277
947
1478
5672
8084
3302
2817
6622
43
7846
708
4260
7455
3535
994
1656
9302
1277
3335
6626
5434
7917
2266
5955
4911
6700
4307
1873
3082
3512
7332
8772
2011
890
1886
9356
9076
6144
1246
54
3882
9994
7737
1619
6617
8768
661
8258
4056
9094
4485
5192
5879
1552
7054
4589
7044
8034
2255
7
3504
683
2598
3418
3159
3784
4439
4243
5825
5958
9106
769
7360
3912
7017
3833
6238
6798
8356
9529
4087
6641
7094
3201
8264
3621
3853
5738
7306
246
998
9710
624
9704
2300
2243
8839
8358
5421
764
3623
6980
9207
3204
8836
2143
1838
3582
1258
4331
293
2212
8791
3934
7714
2571
7489
1031
269
5919
8443
5676
2699
2855
5126
7480
6290
2413
4501
2419
2530
5441
3361
7649
283
385
1694
3551
939
92
2721
7241
4987
3740
1532
7613
6576
6876
2177
9366
3277
2113
589
1014
1278
6480
1737
4109
8617
8095
3614
249
9316
9067
4553
3499
5728
8611
7346
8540
2484
4582
7002
33
7070
8949
2892
3607
9505
6358
1309
498
8725
5004
3134
4512
6455
4469
4788
6813
811
8355
1073
8977
3015
3556
4241
6943
4492
7990
9279
4253
123
492
6170
9557
9177
4156
6499
7225
7692
7091
7246
5499
8464
8013
4450
5095
2210
2054
7960
8873
4929
3329
2696
848
7991
4325
8999
6788
3526
7731
4532
6088
9896
2512
5505
4350
7964
854
4932
5179
2667
636
3199
3555
7752
9508
9580
332
8950
5762
6802
4186
6366
18
5741
8794
617
790
6223
9254
8800
7620
6107
1274
5542
7338
5995
2727
582
3716
6503
6329
6861
4089
3315
9938
5864
7892
4165
2881
2162
630
3917
4463
7670
277
762
1070
9046
7189
7614
7190
9687
1891
2570
9579
5003
2310
4470
8075
7824
1691
9141
1488
422
9423
9860
88
4546
6389
6299
4137
4482
4991
6851
8571
2371
8592
2008
2535
5626
1521
8936
5817
7257
2080
9134
4902
9496
664
4658
7655
8405
6986
9788
1964
4297
2830
2580
9526
5577
2781
368
2209
436
3366
601
5142
349
8588
8032
4083
884
3483
6137
1514
1797
880
3389
9037
4683
2486
8134
7099
3296
8963
9005
9540
6815
7251
8505
4831
8043
5965
9090
995
3701
5722
2045
7399
755
2225
2425
291
1941
2134
2992
7610
6318
4816
6665
3
163
6639
6573
4614
1176
5354
2583
216
8305
9149
212
2776
5915
1205
8679
1859
3307
7359
4708
468
3379
3515
9023
5466
7882
5023
4824
5463
950
3865
3817
4303
7165
4597
8869
8576
9264
3948
722
6981
5739
1267
5625
6835
7930
5102
1612
4625
3106
5481
7759
5997
7096
9239
7128
7197
4996
8422
7151
9485
4275
5743
8116
5716
9990
4993
1810
3102
7305
2825
2918
9418
5210
6038
5350
2933
5766
2234
8379
8097
7327
9993
7047
8450
2404
7618
4272
786
206
5225
8048
7650
452
3776
13
8712
593
1353
952
7513
6305
515
3725
4764
9018
5054
801
3991
9757
2777
4093
5931
6031
3070
9453
9190
9092
1821
8414
4153
8657
3518
8893
7309
2115
7988
2283
9875
4728
9101
4172
4699
9727
31
401
3581
3617
6613
3579
2142
7428
7841
4223
3193
8136
3698
6648
1336
1924
9920
8325
1954
1833
9385
3981
9229
8009
39
4607
1928
3104
3221
551
2858
8364
8440
5850
3625
8150
3945
313
5976
7553
5007
5241
7451
706
5369
5000
2420
4213
6535
3117
7593
9865
1578
7799
8695
7776
8462
5742
5406
810
5444
223
5282
5279
4334
303
9467
9524
1688
5591
4406
8087
2488
3550
318
6957
968
3284
1639
9821
6096
8114
2811
2068
6588
8286
2694
2382
4967
8598
522
1950
16
3638
8860
6654
7658
1434
3670
5979
5510
8709
8479
3066
5702
6854
3169
9392
8774
4014
5674
641
8998
9240
2471
7252
9158
7478
9647
7493
9026
23
1852
2317
9828
6761
3027
4177
1678
2757
248
7666
5590
5555
4377
4442
9138
236
1479
424
3779
140
5070
1970
9013
3178
5468
8186
128
2057
8350
2946
1968
3051
3819
5156
6578
2380
438
4785
9462
9533
8515
2531
1095
6936
3998
8639
7671
2708
8847
5562
5521
1182
3959
9233
7282
3913
1863
405
5204
5432
5370
4595
9562
2705
2960
5520
7098
2739
5826
8620
8746
4750
4832
4913
3583
6162
2282
7826
7884
2066
886
6161
456
24
2228
6046
8224
5391
6927
8411
3611
3560
2278
6292
1269
4521
3950
3090
7430
913
5293
7088
4192
997
711
5950
1178
7527
9823
7870
4869
4368
846
2856
6315
5913
4129
911
2873
3769
1888
4680
7008
2805
2876
4636
5276
4656
2973
9393
3055
3241
3542
3017
1793
4276
7687
2753
4046
2818
4787
486
7703
4792
9154
2979
7875
1780
9410
3573
478
7207
4437
2217
6079
160
1735
2707
8607
8011
4019
7366
2060
7132
6742
9353
7400
5147
3563
9542
3369
674
8109
868
8974
7545
1111
1117
403
2654
3983
1008
5069
862
8733
3804
6538
2304
6433
6655
4475
469
3752
4990
5083
3037
8015
8930
1453
6518
6222
8550
3136
9739
5329
1926
1934
2262
8545
6870
5552
8420
7597
9940
9008
7200
6524
5646
1905
1910
6062
5951
1693
2566
5670
4157
2726
5394
1166
8117
8981
6511
8046
9247
1718
6698
1480
4421
3885
6938
4992
4974
5260
3317
6770
649
9753
6733
819
6294
8425
2363
5814
4947
6158
1302
5756
3603
3356
5806
8767
5423
688
4587
2627
5412
1385
3957
241
4486
9549
40
4972
6858
8872
2025
1026
9660
7350
9642
6774
7678
2650
8569
2592
9836
814
6651
3505
856
316
4590
4957
9941
9086
3834
2733
5601
7663
1140
9805
1660
6570
4515
3458
9837
3465
5612
3456
6661
6168
5433
6369
7142
8148
6345
7723
3609
1815
9572
8953
9034
3652
2791
2205
7369
3164
2685
5724
2192
5748
4135
508
345
2744
7181
4348
4448
5576
5447
8202
3377
9530
832
7864
5106
8671
8765
9569
8222
7188
3422
4615
7438
8101
6857
8003
5284
4026
7683
8883
5589
1593
3522
1719
4569
3151
9942
3787
4465
7833
434
6191
6309
6055
7322
5682
8038
5216
9982
8100
1185
8111
4758
8496
9301
2124
574
4748
7699
8036
2792
2651
988
1927
6809
3229
8051
4099
4328
8960
2511
4145
5846
7380
710
5163
3006
7640
4567
4292
1356
2032
2044
2579
513
7634
5109
1929
3232
1408
8449
4678
2964
1276
4950
229
8952
2298
4877
8394
1703
4713
1916
1147
7033
1958
4649
7323
1558
701
9716
1979
7140
3264
7558
1850
8194
1371
9554
1157
6361
2236
3023
158
731
1704
1344
5404
4744
4502
3627
7702
1562
8990
6387
6492
820
6556
5799
4287
3322
5073
1370
149
9204
9384
7281
1023
9989
2020
9006
6039
3406
3910
363
84
1062
1966
6477
1263
3895
654
3122
8437
9343
7951
4251
7710
2563
5978
370
6218
2201
7481
1291
7395
5269
9755
4594
7278
6728
5723
3844
3172
7959
9984
7258
8484
2942
9843
3809
8376
8906
3687
946
3972
454
6811
1064
8195
9118
2445
2337
3343
1113
8819
2831
9110
2478
6111
5840
272
4973
4621
337
8601
8476
681
4436
3590
2995
8910
7084
458
8423
7453
8382
4449
9745
9908
8354
9974
6755
1072
8708
6608
9829
7499
3254
3028
1802
5875
9518
9180
2539
8961
5678
1520
8970
524
3974
899
2198
3971
6417
5402
2377
7433
8182
3829
3265
8594
970
9854
7328
8821
8516
8937
8463
2001
466
231
7736
7897
9879
2000
652
8565
6456
3200
5273
3731
4476
2528
8753
1698
2454
5300
7085
2499
924
8834
6262
8717
1329
5754
5787
773
6602
8427
3810
3224
7242
1657
3684
7385
9015
9354
870
1490
4252
521
800
563
2636
797
7341
9286
1330
1885
119
6979
1233
1867
2795
1432
6120
1127
6720
8741
1990
7556
5064
4091
1899
8233
5847
5207
2079
1346
2046
6163
6384
8017
6592
2554
6159
8887
2568
4048
2534
6030
4706
5608
2197
7817
4429
2514
9603
1004
9643
9951
9608
1065
6414
1184
815
5753
9693
915
2221
9991
8848
9431
8832
5228
7715
2437
7445
1606
4255
5772
7228
2665
9827
685
2428
757
9309
9464
8106
4711
807
9669
4588
4349
1854
9664
4844
1505
1104
8254
1692
9592
8081
2661
8993
7793
3624
4985
268
4017
7583
5828
3236
1597
5792
8191
7311
8907
6702
2595
3576
6571
1676
2523
2427
7215
1669
6707
6675
2669
3596
8284
2022
2049
4751
8556
5488
2637
6169
4238
2505
8225
6668
523
6267
1383
89
335
2480
2993
4212
1145
8664
7402
2125
9420
3185
2121
4081
3786
325
864
3501
3777
7852
8652
5517
2036
9335
6130
8424
3746
4332
5080
1933
5870
8435
5118
2202
2460
1216
5268
8459
3146
9112
9035
9511
3294
7780
9703
5166
7062
2567
3651
9355
8762
2986
3775
4397
4371
5149
5259
2784
1616
7185
7987
7134
7375
8167
7993
1463
198
7483
9520
8486
1711
3367
6021
8125
8386
7550
9045
4864
1672
1087
7265
3479
3742
5663
8908
200
6269
5353
1621
4862
1116
7485
3643
5359
8377
9019
2904
503
8600
4033
8165
3622
1799
9633
4571
7182
3032
5611
7891
3930
1623
9091
7906
5373
1009
6777
6189
7712
2273
1000
166
4960
2907
4867
2052
8688
6496
2373
5318
1293
3491
8395
414
1086
4794
3680
8900
4498
9283
1608
809
2643
1248
5400
3521
8850
2219
1823
6688
6553
3861
8894
7801
35
487
7807
9851
6295
4910
6396
1379
3764
5745
2151
5403
288
6099
7978
2910
9598
5843
8314
2199
4127
7977
8870
5221
9594
1644
4388
2883
6557
2717
6951
6717
7192
3719
7289
1922
4561
9341
6667
1882
7504
1265
5024
3121
4842
6886
8541
9754
8846
2030
8769
6687
6371
7279
6009
4215
115
4854
1894
5549
1153
5139
2307
5001
9066
7531
7403
3736
5972
7021
903
5583
682
4630
372
895
6647
3210
9775
4409
1502
4570
5567
3548
5152
7423
7949
1289
6014
8177
9270
2735
6147
4204
8399
6101
5006
9048
2367
2889
2416
5203
6874
6024
6903
6367
3360
6377
4979
8631
1670
7704
6457
1394
2252
785
5029
4128
9868
7313
5593
3785
5509
3862
6842
4265
6008
6314
2652
4224
3886
2555
3915
2034
2479
8911
5010
4410
330
3494
3310
4926
5878
4921
7635
8773
6339
6409
1118
2593
948
9171
3541
5308
7831
6998
5425
2878
2423
9375
4629
5948
2544
2839
5134
2450
4637
8213
6141
5345
3976
21
2806
5907
8700
7645
4051
6917
488
1250
9597
9902
6891
3822
9779
8201
201
3924
7441
7934
1643
5866
6195
7502
4183
8181
3243
9382
8735
8326
6548
1333
5773
3416
9425
2980
1114
4927
9618
778
4543
7247
1973
592
5068
2394
9811
2542
1328
2865
736
5667
578
4530
959
235
5478
7534
2346
6817
9451
8734
6924
8327
3039
8439
7263
1156
871
8503
9135
9072
3339
4986
1986
6645
9715
9424
8755
2466
5028
9552
3135
6744
4642
6274
8016
4899
1674
7768
3906
8818
1426
5337
3250
7582
2886
6076
2882
4803
9809
8979
7803
1423
2752
5489
20
2761
7517
7351
8718
6864
6894
4231
3636
2759
9744
628
7791
781
3179
463
2684
1658
446
7696
9971
3619
9619
2286
5582
7554
8681
6378
8739
2129
7490
4503
859
4753
2863
3982
6839
1134
7497
5477
8139
3841
3425
4804
4361
6853
9363
9473
5059
7821
398
2038
2302
5885
8145
2894
9170
2506
6999
8259
7105
6752
5853
4120
7154
5457
4191
6466
7223
3813
6092
3881
9331
6772
6982
2468
3435
3592
7861
7547
5151
1942
7298
9774
3205
4242
1237
5223
6243
133
8170
5776
838
1875
7665
5060
2496
8865
4295
3024
1410
8562
5451
3980
9532
3450
4555
5320
9314
943
9601
3850
6093
2409
2715
1034
6285
4918
7818
5120
8828
2456
3183
7179
9374
8216
354
6146
9215
9916
5675
1827
7039
3613
5734
3729
9614
596
7040
2911
8460
7390
8855
1224
5454
625
3989
5362
1687
7561
380
1559
8723
8149
7622
595
2133
4006
3139
680
9323
2347
437
373
855
8766
2035
4435
465
496
4901
1472
8311
3977
9966
4659
9414
4115
5784
6473
7103
4833
5730
1457
3476
3707
7880
843
7213
1526
5578
9007
8465
550
6590
4072
1038
243
2343
6265
8557
1372
3490
1349
5886
6836
4937
7563
9588
6862
5558
564
6751
3014
8093
9055
4551
9877
3142
3781
470
9477
7325
2050
8654
1596
844
4646
9226
1347
6395
4851
6491
1202
4160
8392
7108
7672
4872
7632
4035
8478
3233
707
4983
2366
7410
8899
1299
247
6670
8140
7766
6081
9866
7456
5824
881
4664
8238
151
5352
779
5632
4282
4274
6673
8778
8004
5280
6415
2798
4316
1167
183
2417
9842
606
8198
1247
2709
8542
3442
9699
9252
956
2793
265
9946
6036
9463
8199
1796
6403
395
3771
2492
9163
4884
4110
5249
2146
5148
1625
5622
8113
2926
7007
4302
9050
9979
2658
2977
4941
4760
4494
8192
9903
894
9159
3529
3109
5218
5495
3847
6848
9315
2997
9523
9872
3795
1037
6826
8711
5365
30
6148
9667
7676
675
2562
6175
2023
7307
1354
5436
1251
6909
6287
1080
7544
73
5536
9257
8207
3720
6201
3510
2581
6913
6672
1055
1581
5039
9492
8079
2985
3897
5604
3649
6176
6978
3675
3228
3413
8494
1288
2375
1424
2515
6896
6756
6340
2936
7862
1685
295
5452
6114
3152
7116
7976
1607
3192
4356
7732
2069
3574
587
3811
7619
1713
4149
8736
5036
7832
6709
369
4354
1013
6351
5104
4958
3340
7982
9684
3056
1367
9890
9426
9545
5485
266
1881
3140
5502
9781
5513
4058
3830
6893
6765
1529
4735
5358
7126
6312
28
6254
3331
7097
6020
9673
3213
9907
4949
6365
190
4147
4962
580
5574
3952
6692
909
6302
2091
6306
1767
5450
4107
4609
1570
3600
7581
48
7446
148
656
9449
5774
418
6782
8549
6080
7491
5614
1029
8024
3987
2809
6644
2006
660
5303
2495
4245
9470
6652
8604
2490
2391
9152
5498
5316
5690
2937
60
7109
4146
3564
9292
896
9307
5929
19
5541
908
9369
879
6916
6706
8055
3800
5398
3938
5661
8853
933
5880
8613
3295
5020
8112
9327
5600
3000
4688
2954
6540
5795
6643
4574
6090
1314
5226
9165
8992
9968
3780
2820
222
5302
7828
9294
2396
917
4610
8744
4577
4853
1952
5071
6298
3792
4558
2666
3019
1187
7153
4624
7475
8914
8243
5138
3926
9103
1648
571
6973
1110
2158
2316
6577
72
66
2362
3773
9935
5257
7804
2845
5
6628
7711
1689
3694
5199
8172
514
8063
1460
9578
1959
6808
8880
6908
9089
7779
162
6319
7178
2327
5895
4752
1446
4151
7276
9835
5392
8875
5049
9408
4434
9506
588
4261
4527
1995
4169
6831
7373
9958
5712
5121
7551
1416
5136
3154
3931
5314
3667
5749
2606
6934
953
4000
3044
3896
3255
1814
9119
8067
7343
1369
8045
4086
7764
3404
4806
3420
9209
3520
2978
1422
7787
6484
1067
6729
307
4619
6795
9859
7264
8798
2932
7919
278
6616
8078
5975
2577
8495
4124
5264
5385
2190
6994
4604
735
8935
2140
1501
3749
7299
7255
2312
1777
2357
3801
8290
9925
7501
3098
2730
5217
543
9606
3057
570
4305
5312
2171
8274
8551
5297
4770
2501
9742
6436
6067
2762
2402
723
7245
8058
3212
1078
5807
6537
7572
3626
218
7233
5725
5401
8760
7471
1192
7231
2102
392
413
7749
3352
4909
4940
108
8214
9672
6610
1231
2309
102
1752
7133
3963
3659
9826
4657
9074
6514
6322
5802
1759
667
7121
5234
1876
8810
1230
9114
2418
4540
6775
517
1443
4247
1027
433
5761
4773
4603
6510
8696
3595
4995
4510
8417
2329
8491
9517
1861
795
6226
2640
7408
5898
4031
5869
1109
1743
8687
7543
1856
4034
594
1537
620
5733
8166
5112
6952
4365
6167
2189
8175
6382
5836
2852
407
5783
949
7291
8035
9617
7421
837
9280
4879
8384
5977
9895
8555
2649
3901
3072
9211
4691
6816
1141
2618
4100
5146
1603
6143
9747
5417
6724
8763
6192
9718
828
3045
5681
9770
5688
7608
8280
1726
2150
1949
9771
9876
6963
5969
7709
3768
3313
3287
4103
568
242
3410
9513
5602
1781
4040
5621
3872
8610
741
760
9432
2426
356
3217
1747
9085
7434
1244
192
3748
6607
2016
7848
6424
6281
5631
7058
910
4599
7329
7867
5491
1112
3863
3857
6624
6219
7145
3245
1819
5514
2376
1069
1425
6793
3227
841
3506
4808
8441
6682
4769
1348
9129
1236
8954
6037
6939
3664
101
4015
3902
5855
7586
9164
2400
9070
6497
3693
351
3547
7519
5786
3049
176
8593
9275
6781
6759
490
3646
9395
9923
2827
507
425
1538
6343
2719
6885
2275
3918
9791
5117
4900
1229
808
2529
7093
5244
6584
2877
4694
5472
7003
1209
8577
3188
5233
2968
1050
9663
1812
204
1092
830
3328
1194
164
6843
5687
67
2959
4182
9882
4576
875
1240
1728
6421
8625
9338
9612
7466
8345
6042
2214
9216
4681
6348
7953
734
1001
1238
8218
7820
2569
6005
3301
5845
8470
4462
6887
1295
1944
4887
4655
6097
7979
9093
8234
3967
4707
5883
3937
191
3657
6941
2538
122
5615
6215
4598
4535
6422
6910
4541
7873
6236
7150
1816
4254
4278
9626
7031
3471
1904
2014
56
1352
2536
1376
4601
6899
9983
8408
7009
1545
8188
8799
4401
2365
9107
6812
9720
1782
8912
6211
525
9348
9349
7010
8956
485
1149
9060
7089
3914
4644
6478
751
2675
4845
1107
9917
3925
2105
9634
5523
3160
5944
2064
3605
6458
4687
8260
613
981
376
2308
2191
5841
8442
387
1646
1883
9810
169
8849
7361
5377
5587
8837
8359
1834
2853
4733
5019
1600
3238
9389
352
1059
1813
3653
6171
912
6010
5301
5208
6449
9195
648
5375
6205
6082
3516
9490
4675
1776
2819
8481
4003
9722
4423
2477
477
8257
336
861
5239
1266
7230
4886
9822
6737
2796
2475
7528
5947
1058
6016
6530
9976
990
5190
347
4912
2950
1462
3252
4317
4077
1908
4329
5131
1848
2729
4491
6779
5275
2401
4559
7149
9259
5366
7370
3311
5037
9706
3552
5936
2185
228
5917
602
7843
5084
6901
9271
225
1758
6405
7866
6131
6035
4270
653
9097
1714
2251
2507
6619
5881
296
7095
7957
8091
3737
3480
6301
3986
382
4823
1378
3797
6495
2760
8955
2438
5812
1485
3676
8262
7915
8340
3009
1525
3219
7836
2237
6516
6656
9544
4739
5842
177
3089
1190
3767
319
8361
9191
7076
2100
8105
2132
2122
5771
4205
941
4202
4505
9561
8162
6446
4471
5091
2728
9931
3191
7859
7707
3486
1809
4085
2610
3466
518
3132
535
5848
1832
1412
3220
8049
804
8751
7808
6749
6739
8536
1210
7381
5469
9654
2527
6070
6174
2850
9121
9402
5132
3793
1872
9858
7250
2175
3143
9484
5996
3839
3909
3884
3390
7118
7086
3922
9912
2634
355
2842
9901
9681
3113
3606
1830
6117
3392
5292
1331
6581
2526
1715
7958
4375
8929
4422
2470
2804
6149
1931
8532
5986
1650
76
6541
6106
2619
5198
8730
375
1865
8204
2857
5647
7571
7629
1877
4123
4861
963
6213
9831
6247
7146
8366
7973
6790
6669
4763
8342
4936
1323
8507
3697
9291
9321
8467
3586
1736
6987
1365
6252
8878
9002
5108
9957
7168
9108
6884
4389
5339
3411
9691
5956
6722
9422
4324
5616
5082
8698
6119
1465
3557
5718
8363
366
7420
6390
7758
1355
3750
9566
4073
3268
7851
6969
1911
8054
3016
9051
9584
5770
1826
4364
5823
9784
1325
8690
1024
9954
7850
6529
3759
608
2005
7675
4259
14
5389
1825
3656
4924
1341
1524
8121
1516
6393
6690
4697
9442
5021
4392
2833
3714
8324
4054
4342
5669
836
2835
7498
4052
6837
3208
3828
5426
9640
1500
1628
4441
6906
1254
5494
2433
5779
816
8301
5378
85
8689
9960
1913
6385
2597
7624
6593
1527
1590
3782
8033
7352
1148
6452
4416
1766
3671
6660
5708
279
2218
4266
1680
1398
2773
3836
4781
4797
459
125
8083
9474
8589
6125
8434
141
6353
3402
1496
3842
3046
6598
8561
7879
5171
2443
8905
4810
1022
7579
8982
8110
3546
4004
9857
3304
7540
5202
4233
2448
7623
3497
4038
3747
1948
6100
3708
1664
2024
6007
5086
4575
9336
9213
9406
3294
9305
8835
7045
690
7552
4090
7628
5096
1358
2823
9495
8675
9184
5237
4472
8951
6045
5368
1571
1991
3177
3988
7235
979
3929
766
631
4896
720
8823
6053
8715
5442
5789
7365
7269
8547
9636
9590
5285
928
3856
2352
3493
6650
8406
2676
7587
8276
1831
7482
6814
1214
4495
3997
4703
2874
8857
9749
6902
8629
9295
8941
7734
9514
2356
3068
662
8566
7083
2908
8057
3733
17
4490
7797
1427
1030
8665
7288
3650
8554
3091
964
3966
6352
9841
8632
396
4311
5964
5803
1242
8154
7170
3257
758
3482
8211
2688
3448
4863
315
4297
5760
9454
391
8319
8570
684
765
6183
9193
516
4384
4605
377
7947
2295
4207
6875
7376
5821
5901
8965
9671
5128
4286
3421
7746
8050
378
1125
9227
1914
5566
2386
1197
8721
1638
8585
2015
3835
6586
451
7920
5063
1653
9759
3500
8890
4029
6630
5364
6058
763
7719
5606
2605
6642
833
5939
9894
9176
83
7138
3743
4199
9898
9458
9589
5889
8529
8230
6716
2632
4903
1820
604
189
7462
136
9927
6386
3446
7778
9884
3196
114
2065
9911
7272
9364
9688
3423
2244
1063
2130
8927
7314
3118
7486
2922
2213
126
4952
6860
7548
5328
6946
9845
9581
8209
6662
962
7578
4225
6467
431
3426
7160
6116
3431
4754
542
2660
5992
7020
6057
3827
4453
7685
8173
8866
5981
2242
8407
3088
5176
8146
9457
5347
2061
9838
1040
6280
8559
3338
5788
1801
2509
5399
3772
7580
5456
532
825
9574
1025
8661
1002
9438
9194
3821
5605
4623
7924
6127
8072
6346
1015
9140
3958
5747
6069
3273
7035
5258
6448
7506
3440
4360
2429
250
1234
3138
9251
1253
6542
1510
3271
7397
5390
7842
719
5698
8683
6342
5714
789
98
4381
8120
7357
8567
5420
6054
4965
4022
805
6284
9027
1522
5638
4963
4082
3003
7656
977
2360
8986
5706
2208
7204
7106
127
5317
5985
5254
2548
1170
32
5740
4299
7101
768
280
4997
984
5563
6962
2607
8451
2755
3874
1301
1983
5397
2890
406
3460
175
659
5475
1473
2716
4444
5474
9929
8514
6468
5644
4827
7633
898
1018
9531
8217
2885
9746
3276
4055
8924
944
3620
6562
5154
3349
9570
1139
5410
5649
5768
5581
2182
7881
6180
8858
6064
4840
9080
9342
3293
4835
8073
9871
3683
1459
544
7524
3686
2186
4870
7616
3826
8279
9459
4174
9973
2464
9266
7354
8553
197
7404
3086
6649
5419
7728
5414
561
6333
6091
900
3724
4430
792
9352
9479
8208
3566
8544
9196
7125
5533
3461
1982
8786
2441
686
1467
1930
6758
1019
7503
1483
38
9054
1085
5873
3321
6508
9782
6926
9245
966
3405
6930
6152
460
6425
3260
9652
6840
7383
5570
2522
6605
599
1
6646
6679
9587
6118
9409
770
6165
8646
5545
5294
8720
2154
9583
4661
8658
2935
6525
1060
5508
6526
8365
251
9456
9525
1088
3838
1307
5852
3661
8659
8252
7926
9082
5930
6331
3300
5464
2547
7681
3054
1128
1503
9510
9358
7191
9922
9162
3673
9646
4262
5539
5796
6636
427
576
8308
6112
500
5729
7680
9786
7507
847
5484
4228
8436
6559
1989
8519
3877
6412
4817
9167
8193
6413
3263
4106
1710
4447
8682
3249
317
5094
96
2561
7055
4484
761
2338
865
9869
1557
7417
872
3424
5715
1839
7461
6139
9819
3437
5550
2928
9003
1406
7921
6984
3065
4736
2700
7716
3069
8321
4322
8764
4948
4729
1785
7813
4097
6400
3214
1634
2019
4982
5416
8455
906
5413
2096
6498
3316
5657
1627
9260
5737
3157
2814
4301
4547
9081
181
2769
2756
1840
8294
3519
113
2944
90
6704
9564
6086
6103
7679
7414
8702
562
3509
2603
2560
1977
194
7015
557
893
9933
8398
4791
2974
5305
8278
5045
9609
2297
4059
4839
6958
2920
1175
309
6220
7653
2693
3262
4875
931
4193
8313
444
9174
6494
987
5943
1271
4513
4795
7440
7969
7274
6959
4150
8019
3637
4813
5938
2837
8203
3165
5473
2112
4696
5333
6278
3211
3226
9189
3524
3320
8677
4108
1722
7248
8041
6663
4158
9678
5568
7147
3395
8142
1998
9806
6253
3860
1940
4477
9329
300
4028
320
4878
361
6907
2161
4330
3845
9000
9748
27
1061
6325
9539
6260
3628
255
2924
5220
4065
7122
329
4531
6501
5635
639
7904
6800
8623
5893
4581
9661
2533
3085
2120
3580
4679
9397
2706
1430
3690
4461
5030
8352
8315
4487
5261
7384
3864
1555
5689
8991
9787
5124
5283
3672
8089
1845
1874
4718
5367
6771
669
1847
1448
1345
798
5066
4560
5585
2311
9861
5272
2111
7240
7738
3936
4938
4335
6778
6015
7273
3092
2439
2736
4044
6696
1842
4776
3372
4443
4273
4164
448
2368
1035
3137
2601
8289
9624
4716
9300
3434
728
7830
5639
780
8297
5782
3531
5904
6364
4665
4723
2987
8080
6600
3350
6438
6944
5380
5526
8874
6892
2315
5332
1682
2540
1275
159
1315
6479
9383
4050
6463
8014
4956
3803
4524
8997
3050
8221
696
1100
6419
4891
8444
2481
6549
6995
290
9622
607
4114
1925
2165
4047
5656
6034
9031
4786
4557
7382
7809
326
9887
7080
6863
3058
6824
4405
8387
2037
9602
4999
6268
3898
4545
3962
9404
3467
1769
3855
6923
4351
4412
7312
2614
8059
2341
729
1225
2422
6820
541
5178
4256
1798
598
2891
6543
5050
6868
835
245
7275
8353
5731
6199
8200
3038
120
3536
1310
421
1028
8269
7280
2385
9022
7042
3194
3337
4767
6859
4464
1466
2847
4457
8104
4483
3327
7199
8868
2330
9175
6694
6949
9937
7222
528
9487
4289
8433
1395
1753
5573
3559
3577
2123
5967
1411
2740
9846
5027
4578
9712
3305
9116
7115
4849
3903
9541
9313
1858
8703
6275
4801
1409
4373
6961
494
529
7822
9064
263
9255
9268
1191
2336
8099
4904
1585
4400
2406
6217
4757
4514
6
5025
7559
9
7743
6402
3711
4686
3633
7569
791
548
7889
5115
8802
1662
4906
6822
6531
9488
3100
8713
7061
7854
4438
6554
8656
1632
7347
3696
7546
8002
4693
6041
79
3806
4500
142
7495
7740
1444
7636
25
9840
7296
6261
6680
4812
1146
2758
9381
5556
3532
5440
5162
5501
3703
6225
232
873
5924
3354
4704
2141
4895
9147
4043
3788
8975
3364
3705
7898
2431
9953
9874
1150
4313
9833
4857
2901
5443
2440
7409
7032
793
2670
8127
3602
6852
9306
4105
1709
7825
4480
9282
8740
7975
2187
7448
8918
5507
1168
1770
7511
8288
9878
323
1659
3394
7169
3433
4366
472
7217
9312
1953
4548
2746
1495
1795
3035
5963
2164
9376
6166
6574
3459
9367
591
3869
9848
2750
6988
8627
7342
5861
244
6597
9088
9560
1082
6469
5174
9057
7087
6068
520
71
6373
8635
6445
940
6374
4076
154
8669
1304
5945
8303
5652
888
5710
9889
8247
6565
4592
4749
2335
5058
5701
6797
7431
207
7910
817
907
286
1912
2875
1778
7287
2323
3198
2482
6502
6633
4549
5465
6810
4953
8996
7886
4643
2281
2340
8126
5281
8777
2914
4766
3807
4866
945
6747
2156
8025
5462
1818
4554
6488
7763
3162
7800
7000
7771
6730
2074
7890
360
4431
6126
3558
9146
3949
4395
2097
3871
6029
7320
3052
8251
7865
5953
845
1131
4229
5197
172
7201
5078
3267
2790
1843
5336
635
6073
3112
8482
7371
6996
3131
2446
4783
1637
1405
1452
9537
5726
5012
1626
6061
2893
629
3654
5500
9405
3823
161
693
7195
1573
4998
3286
7538
6551
4883
2903
8539
9616
1909
5529
8861
5175
2358
5504
8851
2083
5849
1919
3851
7067
322
3007
1179
9004
5709
8525
4528
4825
4363
6631
9707
7989
9262
6197
5435
6471
9919
1317
7057
464
2645
6230
2305
4717
9441
2972
6780
2996
2393
1400
9378
7349
367
6399
8742
1311
1079
3468
9387
9248
3018
2274
7772
2056
7293
4618
9567
9615
715
5982
8923
45
3996
1712
2408
3883
6047
6736
8492
9629
5067
3745
6678
1011
2447
8523
1754
2868
220
8409
7172
4534
892
8060
6726
9714
4563
8076
1438
9802
6370
3818
8158
6277
4460
7167
9243
3665
9212
8964
8591
9752
4616
7117
4175
4413
9079
9433
1429
3216
5959
5998
8474
6408
3916
8419
7212
5923
9955
3111
8916
4579
1292
3441
8037
1321
9995
9493
4467
9052
7425
7713
2361
1824
6563
1373
556
6124
4668
6627
7301
6430
7860
6937
9053
506
9692
261
77
2843
7706
6684
7508
4315
8502
6407
4424
3837
8446
6486
663
9855
4647
2939
2925
3712
9897
8256
2680
2518
6873
9202
1339
3601
6881
4821
6237
4981
7164
9317
4280
9962
9489
2145
3537
2174
111
5056
6303
6234
5379
9853
6115
3473
678
716
1945
6406
9099
4778
9635
3173
4240
7857
9507
4084
1617
3995
3908
1044
7795
9586
746
3388
6664
9020
2378
9298
2449
1433
1633
3439
8458
7362
1871
2119
9069
445
3485
3879
2493
1591
9824
8882
7770
7908
6895
5335
7887
7458
2004
5343
2485
1791
7935
8579
4633
8189
8877
4802
400
7180
1599
2701
8477
1936
1630
5229
2238
9021
1257
8684
6975
3153
8650
8578
7249
8504
5238
8212
2848
2412
558
2741
4
5860
3282
2810
4701
8984
8757
455
1469
5727
2718
2359
9620
8362
5191
8651
5011
3184
2117
7837
3330
1138
6760
9817
87
8210
4162
8888
536
4876
739
2301
6033
1889
7668
767
103
8811
4144
3973
985
1890
992
3351
2532
7439
8816
2306
8393
4855
6328
9478
4121
4489
822
1047
264
1162
1602
1439
6867
239
9401
3163
5287
9299
9924
8144
2648
9234
3878
840
5546
5548
622
1390
7029
8135
9638
9867
6105
7073
371
1613
2668
5700
3562
2871
8096
4670
9988
1049
7584
9468
9881
6560
2078
3427
4841
333
8648
308
6785
7932
3010
3534
2945
5266
5227
1487
3783
3663
3608
237
3110
5290
9430
9943
4378
5810
2254
6173
4742
3376
749
9198
9873
858
1531
8518
471
8155
6693
2748
1771
9461
1318
8793
8397
1361
5471
4961
3760
4473
8271
8748
7210
3905
8312
7855
7525
1322
7068
4944
7339
3953
3848
7161
9296
2047
2248
1828
5680
9172
1774
7874
9852
6731
6204
6620
4013
7577
5032
253
6849
583
5486
6121
9915
2934
7444
2879
7641
1980
4564
7537
1702
6482
4829
4898
8401
6264
3362
49
691
8335
3195
1350
6172
9379
2399
226
9446
3567
9120
9730
2768
7677
4969
7237
7996
6507
4815
5524
5459
5371
1207
645
2990
5014
4143
6880
3805
146
1081
7239
9359
9814
3691
2765
2421
8640
9721
9185
6764
2104
6326
5252
5863
9563
2067
2902
3297
2353
9550
1387
94
4407
2226
8413
1093
581
9656
9726
9891
4216
9334
2342
8761
2473
3568
8388
271
4481
4747
310
1988
2584
8190
2388
182
5240
6932
3799
6196
1686
3751
2948
4468
6481
7562
6635
3182
1474
9078
7407
1549
3075
4826
9304
5193
9637
327
4626
9767
9765
8506
6948
2153
2157
4780
8056
5055
2596
9083
8281
5544
927
4474
9904
2854
4074
2227
1535
6291
2070
8010
137
6883
8070
1762
3274
8438
7377
621
1789
4692
7316
3706
4426
7418
1239
9932
4369
6311
9621
9596
1642
5613
5383
4112
8309
6258
3969
6791
2686
9631
2725
6257
753
8236
8633
7034
4155
9460
1337
4318
9396
2372
4526
304
6074
2207
2816
9491
3893
9469
1853
7659
5775
7980
9522
8881
5245
8581
8606
1215
3523
6966
6442
7260
3275
8973
5653
8994
9443
8580
9427
4379
7436
9098
9662
6431
6579
4897
3129
5763
4136
8889
8378
9220
905
4596
9347
8277
5692
3384
2546
3887
3203
3312
2012
6212
6109
5355
3715
7424
7726
1631
6623
7442
474
8138
9130
3073
1494
5781
1220
6447
6154
5984
3004
9122
2345
258
4218
2672
9437
6532
877
450
5467
5172
3477
7899
9961
980
410
9666
2410
2905
3755
9077
75
4291
5597
7872
8249
9033
1574
8641
9950
6485
7196
8137
9444
3215
3789
2094
4190
5927
6715
7705
2240
7827
4989
7435
5937
2537
1089
8132
8814
100
5925
9132
4951
6078
9265
650
8903
5482
6182
806
794
7290
1938
4651
8122
7193
7755
8501
1421
6184
4507
274
5844
7647
5005
3634
3156
2390
5916
7963
732
6915
885
2379
3790
6300
2180
4509
8298
208
2195
1765
8431
4994
2639
7741
2026
1773
4357
4030
9236
759
6585
5145
651
1786
7936
1021
3222
1252
9956
6677
2411
2203
5008
2280
7284
534
78
1057
5048
2588
5255
3029
8466
2289
511
555
9527
4734
8976
5061
6235
1560
5532
2808
7387
9816
1017
6838
5169
6711
5453
112
6250
2550
540
7810
565
9178
321
4710
9632
8031
3190
7717
6411
1729
7697
4235
2398
3824
3478
1920
9199
9763
489
1592
3397
5598
1790
2629
512
4327
802
9576
8788
2940
7612
1159
276
7175
7667
8921
2682
2949
9641
1208
5778
527
8959
2159
4095
5872
9899
4968
5636
5182
853
9785
5912
2179
8453
2455
6942
7459
1748
975
4010
9109
2071
8001
1586
5313
8461
6357
9910
1636
1189
9862
2138
2712
6506
4210
7038
3318
6615
8253
4168
3021
8674
2152
6653
7022
7844
2559
453
1923
299
6160
9760
1849
4088
1144
1803
7895
1749
902
5374
2615
1553
9278
1195
2200
5127
2681
8574
9157
8655
4171
5110
1721
2988
1143
1418
7187
37
6566
3326
5973
5791
3240
8331
6308
8694
358
2916
9250
4341
5381
8242
5135
2072
5043
1855
1951
2253
1163
7806
3291
2172
6561
9914
5588
5065
2374
7203
2465
5092
4396
4712
4069
6897
9161
2782
7336
4173
3868
3935
8129
3063
7761
1173
2369
1152
876
4049
8483
5933
4452
5974
7690
9249
1961
7693
3890
2869
353
4772
1895
9886
2551
3744
2018
1280
8628
7100
4634
3149
4836
447
3765
267
4138
1227
9834
3119
4654
1043
5295
5165
3400
6362
2913
4984
4939
9173
6151
7120
3097
4738
1547
4807
8967
2737
9501
8714
3002
2170
8706
443
7568
2912
8012
6583
8948
2009
2188
6065
7555
9029
6153
5671
3727
3635
6330
9156
2898
9016
9776
8402
7112
4176
6043
5160
4517
5651
2424
4340
9607
9197
1794
796
3968
475
4456
6819
5695
3875
1985
5319
4602
3012
4677
6710
9166
3399
4663
9599
2683
7729
1584
4732
8978
1366
8235
9921
7416
3753
5882
1541
4539
2354
8885
9743
8471
2692
7209
646
1071
4931
9627
9439
4916
9728
7777
1683
2461
7948
6953
2389
5248
1956
41
4731
6178
5752
9476
3099
5107
567
6324
8719
5891
134
5808
2832
9124
3631
7661
7331
6888
4719
7931
4650
8886
2010
5196
9713
5133
1963
135
7334
1235
7465
3870
954
6763
1486
6272
3001
7722
918
9261
8351
9682
9192
4837
9790
2487
6708
6786
8597
9263
9650
921
2073
8232
8333
5330
6288
4959
7652
3150
6439
1470
3401
6589
8143
9186
8341
4402
7590
7933
8738
4907
7218
2452
1106
1760
5871
8792
4942
7487
6060
2476
2235
9187
8381
6773
1649
5946
6640
7995
3080
7869
4889
15
4782
7994
3907
9783
1151
6241
3443
1003
211
1489
7943
4893
7739
1679
9394
227
5236
2339
9832
6040
9148
1445
6135
7952
3223
8726
9001
2622
8691
6787
826
5920
9555
5966
7308
8426
3325
638
9111
5627
3598
3808
586
1568
5052
5961
7999
9104
5288
9813
2794
8077
771
4834
6334
3507
9276
6956
2600
6618
3247
50
5800
3101
1976
5765
1805
4300
644
3256
1550
2541
7157
6341
1498
850
5427
5717
3126
482
4042
7268
3713
1399
6637
510
4479
2084
8300
9030
3920
3525
2058
7004
2033
5340
8246
6203
1641
7606
3408
3894
3371
8644
4102
6453
5862
2451
8987
2861
7589
9137
2287
3166
6509
2573
5307
3077
4163
572
7940
4079
1115
5968
1699
7961
1402
9145
5691
6856
2938
8147
9087
831
4117
3308
3253
9793
5081
5983
3732
439
1965
3288
2604
5769
2099
8938
9613
1588
5093
5075
1561
1594
6504
9659
2742
5735
4565
5212
1458
8008
9668
9142
9267
7374
8983
8784
3513
4762
6993
7348
5793
174
3095
8988
7937
2320
7355
3061
5758
5543
9724
6397
5586
9127
9670
5797
5960
9365
7162
9558
8672
8500
9009
178
8962
2656
4943
7024
6977
2543
1342
2821
7226
4159
3754
2292
9565
5918
4217
298
8957
5780
9803
6465
1937
6179
1186
3815
7998
8085
4425
9610
3825
8400
3270
9551
2909
8090
9797
7023
999
3591
5214
1868
3588
8813
4232
1740
6240
8432
4838
5062
2250
5016
2897
7750
7983
687
5655
4933
9153
3403
6202
215
3170
6528
3679
5750
4347
5087
5816
2775
3407
1481
199
3899
8919
3565
5620
4336
4391
6686
7310
7720
3345
1435
4746
7893
8151
2031
6313
787
3011
8612
5388
7474
2062
2664
270
2657
4740
7651
7005
9373
4745
4724
1666
383
575
9287
9224
2333
2381
2239
1123
3353
6691
8667
6025
6558
2984
3415
2930
8000
1870
2444
5755
6084
8071
6398
2906
4294
7113
1306
479
2745
1368
3141
6214
1006
8787
1734
2572
7135
2641
5286
2623
6472
958
3008
6681
1338
4024
9847
338
8448
7520
8856
8065
2472
2943
7353
5659
8824
8410
9206
7216
8980
891
4203
3022
8637
7295
2415
4730
7505
7756
1513
7049
8385
8160
2017
6128
9285
5111
7966
2829
8527
287
5888
1268
1051
6919
6249
1284
6500
8745
3381
8322
5658
5177
5831
5909
1509
9200
7642
2611
4828
9471
8275
1536
3309
2552
5896
4152
9734
7056
4310
8552
8349
967
9125
3481
8603
6063
1601
6513
9573
4234
3382
7270
6921
7839
8781
4326
7496
2081
5673
8826
7535
1181
2328
6587
4511
187
2249
4122
7691
1094
8780
4673
5101
4281
8840
364
8026
5393
2513
6056
12
8339
5935
305
9040
7518
7664
6470
4037
4196
4071
7742
6601
2028
9144
9985
8756
9934
3332
6823
4822
4195
1700
4170
5356
4493
8587
4214
2279
3342
1243
51
665
2430
7139
2585
2247
6658
8030
6834
6714
8174
3412
4586
8678
4188
8164
8616
7412
6614
214
3133
171
2591
8370
4917
7467
7460
4237
5298
3347
5990
1119
3503
3994
9217
1829
26
9733
3699
3639
6783
5662
1135
783
2770
2955
7488
4628
2621
9761
4309
3189
6523
1727
7043
5119
1695
3290
7206
1200
1987
362
7660
5338
2576
6075
6418
4685
6032
1663
737
7760
7158
1212
6263
2724
9708
1817
5820
5851
5874
9419
1665
8184
1221
1957
1546
9346
8871
3674
1972
3258
4568
5331
5827
6437
6550
4811
58
1898
7429
1523
7013
6259
3266
961
5072
7967
9978
9445
8098
8636
6089
3604
8336
7605
5155
5686
5537
2497
3419
8092
8329
4250
5971
147
4355
5327
9411
1056
6289
9062
1285
1357
8995
2872
4865
9038
7041
1887
5633
1967
6830
7236
8047
3025
7064
9475
2355
221
6248
8287
5707
4008
5818
7604
6474
8457
4206
8255
618
3013
3174
3854
5538
2644
4133
8520
5683
1482
8469
3438
2204
5685
6769
3554
7386
7802
7194
6965
8820
342
1511
4140
519
3206
80
5910
7929
3409
1440
9455
8608
5528
9696
3540
9362
1492
4945
4606
1611
9056
4320
8088
2679
5446
6841
144
5497
7533
9519
9740
1775
1283
8653
1583
5884
8490
6582
784
7644
7452
1724
1308
1605
3597
7141
8068
3585
7202
6450
9483
3630
3462
6132
5348
2653
5116
4012
1177
7532
4277
3452
4720
7751
8754
8304
9256
1232
8141
7050
109
9025
157
3859
2743
9689
7447
4113
7102
4314
2626
8686
6596
4600
6940
6354
8485
7509
193
6335
2962
5461
2799
9332
105
4798
294
359
4064
8586
1363
1417
1206
124
8750
9766
726
4954
8337
7997
1504
1994
2956
4496
560
3941
2463
4660
5278
3728
6000
5157
4454
6451
3911
5041
7494
3553
1052
8128
9977
3955
3695
754
7340
3385
9155
957
2749
2678
993
2260
6245
7811
4925
9115
7367
5705
640
9651
2407
1716
2590
480
1476
7484
7769
8619
7253
4370
6338
3181
4246
2269
9665
8053
3078
1932
7335
5289
240
2027
4227
8749
6323
3498
8909
3454
9350
7744
632
531
8223
4220
6380
4390
4645
573
7868
4417
106
1211
3756
8228
6071
4009
2734
3281
3333
7638
2092
6317
8421
289
1298
5351
2075
6844
8663
2107
2999
3187
8021
4096
6423
5634
8231
5547
7344
8268
3734
6555
4639
1725
603
4393
9230
9238
9719
6244
1915
1544
8917
3762
4538
1738
9231
919
5744
2395
4440
2884
1811
8270
6972
4198
7324
827
4669
2040
8396
6460
449
1362
63
8220
978
1007
432
5949
3475
8006
9736
1158
4852
1213
6904
4971
4800
7523
9936
7358
8543
6911
130
5009
6818
6198
7277
6657
7449
8447
6049
3681
3642
7243
2599
9398
8776
8027
4293
3549
9945
4230
1102
1484
4529
9644
1326
5641
3341
7981
614
3539
5267
3373
9568
1772
6591
2929
331
9591
566
5932
3770
5804
4506
6129
7939
2095
8159
4905
6136
9133
8615
7422
9799
2085
8864
7051
509
1154
4814
3120
2403
6845
5858
4934
8094
7567
7646
2803
5599
5026
6123
156
7027
6536
3545
7918
5035
7542
8328
1800
2689
4337
920
976
9421
3735
2557
4856
9310
6018
3640
5790
6799
61
7211
8685
5987
7902
8509
2348
3472
36
4627
4874
8171
2677
6545
6108
6727
2021
3641
1667
8743
8161
2370
4759
9386
642
2215
7477
3669
8920
7130
2662
740
637
6023
3202
3414
2502
1556
2155
9281
7148
4304
6350
2807
275
7220
4580
7725
381
9844
8383
7173
8538
9017
145
8069
9611
5493
6001
5660
6434
7036
5057
7326
9732
393
8845
559
658
2194
205
2519
7905
8044
857
6410
9534
2344
4765
4066
6316
6767
5113
2575
1864
5455
2967
5732
2633
2163
8524
7829
2952
7037
5571
7576
1903
6242
1846
3324
7700
1303
5668
8590
9697
7110
8797
9096
2498
6918
6960
3180
9604
4321
8291
2697
5311
2392
8946
6947
8064
7849
2003
1567
8638
203
2951
6208
5506
8803
9717
7694
4525
5194
3502
5321
8782
1046
1807
7942
2462
5957
616
4737
4585
8245
2779
9751
1286
9416
6784
8368
2351
2834
7592
6462
6882
8806
7591
9800
4039
5610
9273
7018
9041
1519
2432
3569
224
4536
4935
3248
7748
5206
7701
3230
8825
9339
7114
2927
4362
4882
4011
2299
8605
3956
7500
390
5181
1084
9593
6282
6889
9794
7662
138
8898
1974
9244
3393
2483
6087
1645
5479
344
5085
5306
6776
8815
4499
8445
5044
1260
2723
8854
842
4189
7735
5382
744
3067
5503
1359
9698
5703
4333
7463
1327
4131
6142
3125
7603
2975
7792
62
7238
7319
4562
9429
2624
301
5386
6878
4671
1161
1554
6441
1518
2148
6297
9772
6155
7914
1032
4092
1751
8707
7155
6004
2764
8645
1471
7630
3615
4239
1393
7271
1420
8454
2059
9674
5439
7754
5892
8066
4784
5034
8680
5105
4689
9201
4793
6991
4080
8634
1517
7878
4690
9796
6933
3030
9218
6609
5980
1122
6872
6044
6833
6279
6900
1978
7598
2127
5322
971
1245
9322
3469
2813
3533
4264
9820
6572
3876
6671
8942
6391
1098
5342
2196
9885
7695
2828
7637
8891
1203
7631
4194
8020
3658
3234
3147
3921
1045
5609
3880
5188
5694
7903
4612
7812
6200
185
8029
2106
273
3093
502
8901
6375
81
2173
6521
152
5522
9585
4928
5650
3043
1629
6612
7186
8808
3858
3832
3209
7476
2516
4130
8747
4180
6827
3757
1750
4296
9571
9948
5540
2458
4418
7753
5572
1615
8572
8642
932
9071
7823
2261
7163
3662
7774
930
926
9849
1451
9160
7283
1582
3593
2322
4126
9795
4964
5767
1039
8621
1540
2616
6599
6847
3087
2628
2860
9649
5445
1580
1907
259
3145
4652
5184
86
2321
6276
1020
3796
4211
9452
960
8472
4346
6740
6935
1475
8168
4768
29
6360
7221
9888
730
1101
1906
1975
7909
6611
7046
5557
2118
3445
1681
7856
2698
2923
3965
3370
5623
7512
3144
7928
3447
3985
6674
3130
6519
7060
4139
6426
7835
5900
1461
1804
4743
8133
7871
4977
6383
4125
8583
5376
2090
9553
9701
5684
2558
5309
1226
2747
5527
9986
1391
5830
3610
1319
8521
5277
8940
7026
1918
7401
8488
5015
22
4584
7815
9694
4060
2128
8737
7536
3239
3259
4288
9440
8061
5837
2840
8732
9709
3158
1755
539
5256
416
6379
748
2991
8248
2048
6603
6050
3940
1130
7297
3761
1723
6336
2436
1261
4871
5349
7391
5013
4062
1896
5819
5396
590
3798
1880
612
605
5409
3114
6443
5813
7072
69
1077
3599
5323
8473
702
6490
2578
2589
9413
1997
2364
3978
738
5167
70
6420
8250
2277
677
695
8727
5017
4148
3616
9319
3873
2783
6150
3344
1575
7472
6829
409
4053
9575
6515
3846
6701
1343
2459
3357
8272
925
7081
8931
9630
7796
2713
7413
3042
7256
3923
1264
3647
7762
9952
339
6712
5903
7765
9512
2160
6077
1103
2582
5720
3544
357
1939
866
9061
6732
1589
188
5677
8699
3943
4398
5719
4556
5299
9648
1673
1497
314
6186
6356
1126
8293
3463
1576
2862
7883
1183
6997
8697
399
2612
3060
4433
7607
6013
2042
5628
6428
8475
2013
1083
718
7166
8827
6190
7885
8533
9168
1512
547
1076
2655
1609
5031
6796
8119
812