0
1
913
3
636
777
6
7
612
9
10
11
12
13
14
15
16
17
18
836
20
21
22
23
24
25
26
27
28
29
631
31
32
354
34
35
36
37
38
39
40
41
42
43
44
68
46
47
48
49
50
51
52
53
54
55
56
282
58
59
60
61
62
63
64
65
183
67
325
541
70
71
72
73
74
75
76
77
78
79
80
81
82
83
84
85
86
87
88
479
90
91
92
93
94
95
96
315
98
99
100
101
102
103
104
105
106
107
108
109
110
111
112
113
692
435
116
117
118
119
120
121
122
123
124
820
405
127
128
129
130
69
132
133
134
135
136
137
138
139
140
141
916
143
478
145
146
147
148
149
150
151
152
153
154
155
156
157
158
159
160
161
162
163
164
165
166
167
168
169
170
171
172
173
174
175
176
177
178
179
180
181
182
858
184
8
186
187
188
189
190
191
192
193
194
195
196
197
198
199
131
201
202
203
204
205
206
207
208
209
210
544
212
213
214
215
216
217
45
219
220
221
222
223
224
945
226
227
228
229
230
231
232
233
234
235
236
237
238
239
240
241
242
243
244
245
246
247
248
249
250
251
252
253
254
668
256
257
258
259
260
261
262
263
264
265
266
267
268
269
270
115
272
273
274
275
19
277
278
279
280
281
30
283
284
285
548
363
288
289
290
850
292
293
294
295
33
297
298
299
300
301
302
303
304
305
306
307
308
309
310
311
312
313
314
346
316
604
318
319
320
321
322
323
324
4
326
327
328
329
330
331
332
333
334
335
336
337
338
339
218
341
342
343
271
345
356
347
348
901
350
351
857
353
630
355
931
357
358
359
360
361
362
394
364
365
366
367
368
369
370
371
372
373
374
375
376
377
378
379
725
381
382
383
384
57
386
387
388
389
390
391
392
393
415
395
396
397
398
399
400
401
402
403
404
317
406
407
408
409
410
344
412
413
414
5
416
417
418
419
420
421
422
423
424
425
426
427
428
429
430
431
225
433
434
955
436
437
438
439
440
441
442
443
444
445
446
447
448
449
450
451
185
453
454
455
456
457
458
459
460
461
462
125
464
465
466
467
468
469
470
471
472
473
474
475
476
477
761
352
480
481
482
483
484
485
486
487
488
489
490
515
492
493
494
495
496
497
498
499
500
501
502
503
504
505
506
507
508
509
510
511
512
513
514
144
516
517
518
519
520
521
522
523
524
211
526
527
528
286
530
531
532
533
534
535
536
537
538
539
540
349
542
543
2
545
546
547
142
549
550
551
552
553
554
555
556
557
558
559
560
561
562
563
564
565
566
525
568
569
570
571
572
573
574
575
576
577
432
579
580
581
582
583
584
585
586
587
588
589
670
591
592
593
594
595
596
597
598
599
600
601
602
603
590
605
606
607
608
609
610
611
669
613
614
615
616
617
618
619
620
621
622
623
624
625
626
627
628
629
491
463
632
411
634
635
114
637
638
639
640
641
642
643
644
645
646
647
648
649
650
651
652
653
654
655
656
657
658
659
660
661
662
663
664
665
666
667
200
712
97
671
672
673
674
675
676
700
678
679
680
681
682
683
684
685
686
687
688
689
690
691
385
693
694
695
696
697
698
699
89
701
702
703
704
705
706
707
708
709
710
711
287
713
714
715
716
717
718
719
720
721
722
723
724
986
726
727
728
729
730
731
732
733
734
735
736
737
738
739
740
741
742
743
744
745
746
747
748
749
750
751
752
753
754
755
756
757
758
759
760
762
291
763
764
765
766
767
768
769
770
771
772
773
774
775
776
296
778
779
780
781
782
783
784
785
786
787
788
789
790
791
792
793
794
795
796
797
798
66
800
801
802
803
804
805
806
807
808
809
810
811
812
813
814
815
816
817
818
819
452
821
822
823
824
825
826
827
828
829
830
831
832
833
834
835
633
837
838
839
840
841
842
843
844
845
846
847
848
849
677
851
852
853
854
855
856
567
126
859
860
861
862
863
864
865
866
867
868
869
870
871
872
873
874
875
876
877
878
879
880
881
882
883
884
885
886
887
888
889
890
891
892
893
894
895
896
897
898
899
900
941
902
903
904
905
906
907
908
909
910
911
912
799
914
915
340
917
918
919
920
921
922
923
924
925
926
927
928
929
930
578
932
933
934
935
936
937
938
939
940
529
942
943
944
276
946
947
948
949
950
951
952
953
954
380
956
957
958
959
960
961
962
963
964
965
966
967
968
969
970
971
972
973
974
975
976
977
978
979
980
981
982
983
984
985
255
987
988
989
990
991
992
993
994
995
996
997
998
999